{"meta": {"NAME": "C101", "VEHICLES": 25, "CAPACITY": 200, "JOBS": 100, "TIME WINDOW": [-29051, 1147591]}, "vehicles": [{"id": 0, "start": [40.0, 50.0], "start_index": 0, "end": [40.0, 50.0], "end_index": 0, "capacity": [200], "time_window": [0, 1236000]}, {"id": 1, "start": [40.0, 50.0], "start_index": 0, "end": [40.0, 50.0], "end_index": 0, "capacity": [200], "time_window": [0, 1236000]}, {"id": 2, "start": [40.0, 50.0], "start_index": 0, "end": [40.0, 50.0], "end_index": 0, "capacity": [200], "time_window": [0, 1236000]}, {"id": 3, "start": [40.0, 50.0], "start_index": 0, "end": [40.0, 50.0], "end_index": 0, "capacity": [200], "time_window": [0, 1236000]}, {"id": 4, "start": [40.0, 50.0], "start_index": 0, "end": [40.0, 50.0], "end_index": 0, "capacity": [200], "time_window": [0, 1236000]}, {"id": 5, "start": [40.0, 50.0], "start_index": 0, "end": [40.0, 50.0], "end_index": 0, "capacity": [200], "time_window": [0, 1236000]}, {"id": 6, "start": [40.0, 50.0], "start_index": 0, "end": [40.0, 50.0], "end_index": 0, "capacity": [200], "time_window": [0, 1236000]}, {"id": 7, "start": [40.0, 50.0], "start_index": 0, "end": [40.0, 50.0], "end_index": 0, "capacity": [200], "time_window": [0, 1236000]}, {"id": 8, "start": [40.0, 50.0], "start_index": 0, "end": [40.0, 50.0], "end_index": 0, "capacity": [200], "time_window": [0, 1236000]}, {"id": 9, "start": [40.0, 50.0], "start_index": 0, "end": [40.0, 50.0], "end_index": 0, "capacity": [200], "time_window": [0, 1236000]}, {"id": 10, "start": [40.0, 50.0], "start_index": 0, "end": [40.0, 50.0], "end_index": 0, "capacity": [200], "time_window": [0, 1236000]}, {"id": 11, "start": [40.0, 50.0], "start_index": 0, "end": [40.0, 50.0], "end_index": 0, "capacity": [200], "time_window": [0, 1236000]}, {"id": 12, "start": [40.0, 50.0], "start_index": 0, "end": [40.0, 50.0], "end_index": 0, "capacity": [200], "time_window": [0, 1236000]}, {"id": 13, "start": [40.0, 50.0], "start_index": 0, "end": [40.0, 50.0], "end_index": 0, "capacity": [200], "time_window": [0, 1236000]}, {"id": 14, "start": [40.0, 50.0], "start_index": 0, "end": [40.0, 50.0], "end_index": 0, "capacity": [200], "time_window": [0, 1236000]}, {"id": 15, "start": [40.0, 50.0], "start_index": 0, "end": [40.0, 50.0], "end_index": 0, "capacity": [200], "time_window": [0, 1236000]}, {"id": 16, "start": [40.0, 50.0], "start_index": 0, "end": [40.0, 50.0], "end_index": 0, "capacity": [200], "time_window": [0, 1236000]}, {"id": 17, "start": [40.0, 50.0], "start_index": 0, "end": [40.0, 50.0], "end_index": 0, "capacity": [200], "time_window": [0, 1236000]}, {"id": 18, "start": [40.0, 50.0], "start_index": 0, "end": [40.0, 50.0], "end_index": 0, "capacity": [200], "time_window": [0, 1236000]}, {"id": 19, "start": [40.0, 50.0], "start_index": 0, "end": [40.0, 50.0], "end_index": 0, "capacity": [200], "time_window": [0, 1236000]}, {"id": 20, "start": [40.0, 50.0], "start_index": 0, "end": [40.0, 50.0], "end_index": 0, "capacity": [200], "time_window": [0, 1236000]}, {"id": 21, "start": [40.0, 50.0], "start_index": 0, "end": [40.0, 50.0], "end_index": 0, "capacity": [200], "time_window": [0, 1236000]}, {"id": 22, "start": [40.0, 50.0], "start_index": 0, "end": [40.0, 50.0], "end_index": 0, "capacity": [200], "time_window": [0, 1236000]}, {"id": 23, "start": [40.0, 50.0], "start_index": 0, "end": [40.0, 50.0], "end_index": 0, "capacity": [200], "time_window": [0, 1236000]}, {"id": 24, "start": [40.0, 50.0], "start_index": 0, "end": [40.0, 50.0], "end_index": 0, "capacity": [200], "time_window": [0, 1236000]}], "jobs": [{"id": 1, "location": [45.0, 68.0], "location_index": 1, "delivery": [10], "time_windows": [[912000, 967000]], "service": 90000}, {"id": 2, "location": [45.0, 70.0], "location_index": 2, "delivery": [30], "time_windows": [[825000, 870000]], "service": 90000}, {"id": 3, "location": [42.0, 66.0], "location_index": 3, "delivery": [10], "time_windows": [[65000, 146000]], "service": 90000}, {"id": 4, "location": [42.0, 68.0], "location_index": 4, "delivery": [10], "time_windows": [[727000, 782000]], "service": 90000}, {"id": 5, "location": [42.0, 65.0], "location_index": 5, "delivery": [10], "time_windows": [[15000, 67000]], "service": 90000}, {"id": 6, "location": [40.0, 69.0], "location_index": 6, "delivery": [20], "time_windows": [[621000, 702000]], "service": 90000}, {"id": 7, "location": [40.0, 66.0], "location_index": 7, "delivery": [20], "time_windows": [[170000, 225000]], "service": 90000}, {"id": 8, "location": [38.0, 68.0], "location_index": 8, "delivery": [20], "time_windows": [[255000, 324000]], "service": 90000}, {"id": 9, "location": [38.0, 70.0], "location_index": 9, "delivery": [10], "time_windows": [[534000, 605000]], "service": 90000}, {"id": 10, "location": [35.0, 66.0], "location_index": 10, "delivery": [10], "time_windows": [[357000, 410000]], "service": 90000}, {"id": 11, "location": [35.0, 69.0], "location_index": 11, "delivery": [10], "time_windows": [[448000, 505000]], "service": 90000}, {"id": 12, "location": [25.0, 85.0], "location_index": 12, "delivery": [20], "time_windows": [[652000, 721000]], "service": 90000}, {"id": 13, "location": [22.0, 75.0], "location_index": 13, "delivery": [30], "time_windows": [[30000, 92000]], "service": 90000}, {"id": 14, "location": [22.0, 85.0], "location_index": 14, "delivery": [10], "time_windows": [[567000, 620000]], "service": 90000}, {"id": 15, "location": [20.0, 80.0], "location_index": 15, "delivery": [40], "time_windows": [[384000, 429000]], "service": 90000}, {"id": 16, "location": [20.0, 85.0], "location_index": 16, "delivery": [40], "time_windows": [[475000, 528000]], "service": 90000}, {"id": 17, "location": [18.0, 75.0], "location_index": 17, "delivery": [20], "time_windows": [[99000, 148000]], "service": 90000}, {"id": 18, "location": [15.0, 75.0], "location_index": 18, "delivery": [20], "time_windows": [[179000, 254000]], "service": 90000}, {"id": 19, "location": [15.0, 80.0], "location_index": 19, "delivery": [10], "time_windows": [[278000, 345000]], "service": 90000}, {"id": 20, "location": [30.0, 50.0], "location_index": 20, "delivery": [10], "time_windows": [[10000, 73000]], "service": 90000}, {"id": 21, "location": [30.0, 52.0], "location_index": 21, "delivery": [20], "time_windows": [[914000, 965000]], "service": 90000}, {"id": 22, "location": [28.0, 52.0], "location_index": 22, "delivery": [20], "time_windows": [[812000, 883000]], "service": 90000}, {"id": 23, "location": [28.0, 55.0], "location_index": 23, "delivery": [10], "time_windows": [[732000, 777000]], "service": 90000}, {"id": 24, "location": [25.0, 50.0], "location_index": 24, "delivery": [10], "time_windows": [[65000, 144000]], "service": 90000}, {"id": 25, "location": [25.0, 52.0], "location_index": 25, "delivery": [40], "time_windows": [[169000, 224000]], "service": 90000}, {"id": 26, "location": [25.0, 55.0], "location_index": 26, "delivery": [10], "time_windows": [[622000, 701000]], "service": 90000}, {"id": 27, "location": [23.0, 52.0], "location_index": 27, "delivery": [10], "time_windows": [[261000, 316000]], "service": 90000}, {"id": 28, "location": [23.0, 55.0], "location_index": 28, "delivery": [20], "time_windows": [[546000, 593000]], "service": 90000}, {"id": 29, "location": [20.0, 50.0], "location_index": 29, "delivery": [10], "time_windows": [[358000, 405000]], "service": 90000}, {"id": 30, "location": [20.0, 55.0], "location_index": 30, "delivery": [10], "time_windows": [[449000, 504000]], "service": 90000}, {"id": 31, "location": [10.0, 35.0], "location_index": 31, "delivery": [20], "time_windows": [[200000, 237000]], "service": 90000}, {"id": 32, "location": [10.0, 40.0], "location_index": 32, "delivery": [30], "time_windows": [[31000, 100000]], "service": 90000}, {"id": 33, "location": [8.0, 40.0], "location_index": 33, "delivery": [40], "time_windows": [[87000, 158000]], "service": 90000}, {"id": 34, "location": [8.0, 45.0], "location_index": 34, "delivery": [20], "time_windows": [[751000, 816000]], "service": 90000}, {"id": 35, "location": [5.0, 35.0], "location_index": 35, "delivery": [10], "time_windows": [[283000, 344000]], "service": 90000}, {"id": 36, "location": [5.0, 45.0], "location_index": 36, "delivery": [10], "time_windows": [[665000, 716000]], "service": 90000}, {"id": 37, "location": [2.0, 40.0], "location_index": 37, "delivery": [20], "time_windows": [[383000, 434000]], "service": 90000}, {"id": 38, "location": [0.0, 40.0], "location_index": 38, "delivery": [30], "time_windows": [[479000, 522000]], "service": 90000}, {"id": 39, "location": [0.0, 45.0], "location_index": 39, "delivery": [20], "time_windows": [[567000, 624000]], "service": 90000}, {"id": 40, "location": [35.0, 30.0], "location_index": 40, "delivery": [10], "time_windows": [[264000, 321000]], "service": 90000}, {"id": 41, "location": [35.0, 32.0], "location_index": 41, "delivery": [10], "time_windows": [[166000, 235000]], "service": 90000}, {"id": 42, "location": [33.0, 32.0], "location_index": 42, "delivery": [20], "time_windows": [[68000, 149000]], "service": 90000}, {"id": 43, "location": [33.0, 35.0], "location_index": 43, "delivery": [10], "time_windows": [[16000, 80000]], "service": 90000}, {"id": 44, "location": [32.0, 30.0], "location_index": 44, "delivery": [10], "time_windows": [[359000, 412000]], "service": 90000}, {"id": 45, "location": [30.0, 30.0], "location_index": 45, "delivery": [10], "time_windows": [[541000, 600000]], "service": 90000}, {"id": 46, "location": [30.0, 32.0], "location_index": 46, "delivery": [30], "time_windows": [[448000, 509000]], "service": 90000}, {"id": 47, "location": [30.0, 35.0], "location_index": 47, "delivery": [10], "time_windows": [[1054000, 1127000]], "service": 90000}, {"id": 48, "location": [28.0, 30.0], "location_index": 48, "delivery": [10], "time_windows": [[632000, 693000]], "service": 90000}, {"id": 49, "location": [28.0, 35.0], "location_index": 49, "delivery": [10], "time_windows": [[1001000, 1066000]], "service": 90000}, {"id": 50, "location": [26.0, 32.0], "location_index": 50, "delivery": [10], "time_windows": [[815000, 880000]], "service": 90000}, {"id": 51, "location": [25.0, 30.0], "location_index": 51, "delivery": [10], "time_windows": [[725000, 786000]], "service": 90000}, {"id": 52, "location": [25.0, 35.0], "location_index": 52, "delivery": [10], "time_windows": [[912000, 969000]], "service": 90000}, {"id": 53, "location": [44.0, 5.0], "location_index": 53, "delivery": [20], "time_windows": [[286000, 347000]], "service": 90000}, {"id": 54, "location": [42.0, 10.0], "location_index": 54, "delivery": [40], "time_windows": [[186000, 257000]], "service": 90000}, {"id": 55, "location": [42.0, 15.0], "location_index": 55, "delivery": [10], "time_windows": [[95000, 158000]], "service": 90000}, {"id": 56, "location": [40.0, 5.0], "location_index": 56, "delivery": [30], "time_windows": [[385000, 436000]], "service": 90000}, {"id": 57, "location": [40.0, 15.0], "location_index": 57, "delivery": [40], "time_windows": [[35000, 87000]], "service": 90000}, {"id": 58, "location": [38.0, 5.0], "location_index": 58, "delivery": [30], "time_windows": [[471000, 534000]], "service": 90000}, {"id": 59, "location": [38.0, 15.0], "location_index": 59, "delivery": [10], "time_windows": [[651000, 740000]], "service": 90000}, {"id": 60, "location": [35.0, 5.0], "location_index": 60, "delivery": [20], "time_windows": [[562000, 629000]], "service": 90000}, {"id": 61, "location": [50.0, 30.0], "location_index": 61, "delivery": [10], "time_windows": [[531000, 610000]], "service": 90000}, {"id": 62, "location": [50.0, 35.0], "location_index": 62, "delivery": [20], "time_windows": [[262000, 317000]], "service": 90000}, {"id": 63, "location": [50.0, 40.0], "location_index": 63, "delivery": [50], "time_windows": [[171000, 218000]], "service": 90000}, {"id": 64, "location": [48.0, 30.0], "location_index": 64, "delivery": [10], "time_windows": [[632000, 693000]], "service": 90000}, {"id": 65, "location": [48.0, 40.0], "location_index": 65, "delivery": [10], "time_windows": [[76000, 129000]], "service": 90000}, {"id": 66, "location": [47.0, 35.0], "location_index": 66, "delivery": [10], "time_windows": [[826000, 875000]], "service": 90000}, {"id": 67, "location": [47.0, 40.0], "location_index": 67, "delivery": [10], "time_windows": [[12000, 77000]], "service": 90000}, {"id": 68, "location": [45.0, 30.0], "location_index": 68, "delivery": [10], "time_windows": [[734000, 777000]], "service": 90000}, {"id": 69, "location": [45.0, 35.0], "location_index": 69, "delivery": [10], "time_windows": [[916000, 969000]], "service": 90000}, {"id": 70, "location": [95.0, 30.0], "location_index": 70, "delivery": [30], "time_windows": [[387000, 456000]], "service": 90000}, {"id": 71, "location": [95.0, 35.0], "location_index": 71, "delivery": [20], "time_windows": [[293000, 360000]], "service": 90000}, {"id": 72, "location": [53.0, 30.0], "location_index": 72, "delivery": [10], "time_windows": [[450000, 505000]], "service": 90000}, {"id": 73, "location": [92.0, 30.0], "location_index": 73, "delivery": [10], "time_windows": [[478000, 551000]], "service": 90000}, {"id": 74, "location": [53.0, 35.0], "location_index": 74, "delivery": [50], "time_windows": [[353000, 412000]], "service": 90000}, {"id": 75, "location": [45.0, 65.0], "location_index": 75, "delivery": [20], "time_windows": [[997000, 1068000]], "service": 90000}, {"id": 76, "location": [90.0, 35.0], "location_index": 76, "delivery": [10], "time_windows": [[203000, 260000]], "service": 90000}, {"id": 77, "location": [88.0, 30.0], "location_index": 77, "delivery": [10], "time_windows": [[574000, 643000]], "service": 90000}, {"id": 78, "location": [88.0, 35.0], "location_index": 78, "delivery": [20], "time_windows": [[109000, 170000]], "service": 90000}, {"id": 79, "location": [87.0, 30.0], "location_index": 79, "delivery": [10], "time_windows": [[668000, 731000]], "service": 90000}, {"id": 80, "location": [85.0, 25.0], "location_index": 80, "delivery": [10], "time_windows": [[769000, 820000]], "service": 90000}, {"id": 81, "location": [85.0, 35.0], "location_index": 81, "delivery": [30], "time_windows": [[47000, 124000]], "service": 90000}, {"id": 82, "location": [75.0, 55.0], "location_index": 82, "delivery": [20], "time_windows": [[369000, 420000]], "service": 90000}, {"id": 83, "location": [72.0, 55.0], "location_index": 83, "delivery": [10], "time_windows": [[265000, 338000]], "service": 90000}, {"id": 84, "location": [70.0, 58.0], "location_index": 84, "delivery": [20], "time_windows": [[458000, 523000]], "service": 90000}, {"id": 85, "location": [68.0, 60.0], "location_index": 85, "delivery": [30], "time_windows": [[555000, 612000]], "service": 90000}, {"id": 86, "location": [66.0, 55.0], "location_index": 86, "delivery": [10], "time_windows": [[173000, 238000]], "service": 90000}, {"id": 87, "location": [65.0, 55.0], "location_index": 87, "delivery": [20], "time_windows": [[85000, 144000]], "service": 90000}, {"id": 88, "location": [65.0, 60.0], "location_index": 88, "delivery": [30], "time_windows": [[645000, 708000]], "service": 90000}, {"id": 89, "location": [63.0, 58.0], "location_index": 89, "delivery": [10], "time_windows": [[737000, 802000]], "service": 90000}, {"id": 90, "location": [60.0, 55.0], "location_index": 90, "delivery": [10], "time_windows": [[20000, 84000]], "service": 90000}, {"id": 91, "location": [60.0, 60.0], "location_index": 91, "delivery": [10], "time_windows": [[836000, 889000]], "service": 90000}, {"id": 92, "location": [67.0, 85.0], "location_index": 92, "delivery": [20], "time_windows": [[368000, 441000]], "service": 90000}, {"id": 93, "location": [65.0, 85.0], "location_index": 93, "delivery": [40], "time_windows": [[475000, 518000]], "service": 90000}, {"id": 94, "location": [65.0, 82.0], "location_index": 94, "delivery": [10], "time_windows": [[285000, 336000]], "service": 90000}, {"id": 95, "location": [62.0, 80.0], "location_index": 95, "delivery": [30], "time_windows": [[196000, 239000]], "service": 90000}, {"id": 96, "location": [60.0, 80.0], "location_index": 96, "delivery": [10], "time_windows": [[95000, 156000]], "service": 90000}, {"id": 97, "location": [60.0, 85.0], "location_index": 97, "delivery": [30], "time_windows": [[561000, 622000]], "service": 90000}, {"id": 98, "location": [58.0, 75.0], "location_index": 98, "delivery": [20], "time_windows": [[30000, 84000]], "service": 90000}, {"id": 99, "location": [55.0, 80.0], "location_index": 99, "delivery": [10], "time_windows": [[743000, 820000]], "service": 90000}, {"id": 100, "location": [55.0, 85.0], "location_index": 100, "delivery": [20], "time_windows": [[647000, 726000]], "service": 90000}], "matrices": {"car": {"durations": [[0, 18682, 20616, 16125, 18111, 15133, 19000, 16000, 18111, 20100, 16763, 19647, 38079, 30806, 39357, 36056, 40311, 33302, 35355, 39051, 10000, 10198, 12166, 13000, 15000, 15133, 15811, 17117, 17720, 20000, 20616, 33541, 31623, 33526, 32388, 38079, 35355, 39294, 41231, 40311, 20616, 18682, 19313, 16553, 21541, 22361, 20591, 18028, 23324, 19209, 22804, 25000, 21213, 45177, 40050, 35057, 45000, 35000, 45044, 35057, 45277, 22361, 18028, 14142, 21541, 12806, 16553, 12207, 20616, 15811, 58523, 57009, 23854, 55714, 19849, 15811, 52202, 52000, 50289, 51078, 51478, 47434, 35355, 32388, 31048, 29732, 26476, 25495, 26926, 24352, 20616, 22361, 44204, 43012, 40608, 37202, 36056, 40311, 30806, 33541, 38079], [18682, 0, 2000, 3606, 3000, 4243, 5099, 5385, 7000, 7280, 10198, 10050, 26249, 24042, 28601, 27731, 30232, 27893, 30806, 32311, 23431, 21932, 23345, 21401, 26907, 25612, 23854, 27203, 25554, 30806, 28178, 48104, 44822, 46400, 43566, 51856, 46141, 51313, 53000, 50537, 39294, 37363, 37947, 35114, 40162, 40853, 39000, 36249, 41629, 37121, 40706, 42942, 38588, 63008, 58078, 53085, 63198, 53235, 63388, 53460, 63789, 38328, 33377, 28443, 38118, 28160, 33061, 28071, 38000, 33000, 62801, 59908, 38833, 60440, 33956, 3000, 55803, 57385, 54203, 56639, 58728, 51856, 32696, 29967, 26926, 24352, 24698, 23854, 21541, 20591, 19849, 17000, 27803, 26249, 24413, 20809, 19209, 22672, 14765, 15620, 19723], [20616, 2000, 0, 5000, 3606, 5831, 5099, 6403, 7280, 7000, 10770, 10050, 25000, 23537, 27459, 26926, 29155, 27459, 30414, 31623, 25000, 23431, 24759, 22672, 28284, 26907, 25000, 28425, 26627, 32016, 29155, 49497, 46098, 47634, 44654, 53151, 47170, 52431, 54083, 51478, 41231, 39294, 39850, 37000, 42059, 42720, 40853, 38079, 43463, 38910, 42485, 44721, 40311, 65008, 60075, 55082, 65192, 55227, 65376, 55444, 65765, 40311, 35355, 30414, 40112, 30150, 35057, 30067, 40000, 35000, 64031, 61033, 40792, 61717, 35903, 5000, 57009, 58728, 55444, 58000, 60208, 53151, 33541, 30887, 27731, 25080, 25807, 25000, 22361, 21633, 21213, 18028, 26627, 25000, 23324, 19723, 18028, 21213, 13928, 14142, 18028], [16125, 3606, 5000, 0, 2000, 1000, 3606, 2000, 4472, 5657, 7000, 7616, 25495, 21932, 27586, 26077, 29069, 25632, 28460, 30414, 20000, 18439, 19799, 17804, 23345, 22023, 20248, 23601, 21954, 27203, 24597, 44553, 41231, 42802, 39962, 48270, 42544, 47707, 49396, 46957, 36674, 34713, 35171, 32280, 37363, 37947, 36056, 33242, 38626, 34015, 37577, 39812, 35355, 61033, 56000, 51000, 61033, 51039, 61131, 51157, 61400, 36878, 32016, 27203, 36497, 26683, 31401, 26476, 36125, 31145, 64070, 61400, 37643, 61612, 32894, 3162, 57140, 58412, 55471, 57628, 59414, 53009, 34785, 31953, 29120, 26683, 26401, 25495, 23770, 22472, 21095, 18974, 31401, 29833, 28018, 24413, 22804, 26173, 18358, 19105, 23022], [18111, 3000, 3606, 2000, 0, 3000, 2236, 2828, 4000, 4472, 7280, 7071, 24042, 21190, 26249, 25060, 27803, 25000, 27893, 29547, 21633, 20000, 21260, 19105, 24759, 23345, 21401, 24839, 23022, 28425, 25554, 45967, 42521, 44045, 41049, 49578, 43566, 48826, 50478, 47885, 38639, 36674, 37108, 34205, 39294, 39850, 37947, 35114, 40497, 35847, 39395, 41629, 37121, 63032, 58000, 53000, 63032, 53038, 63127, 53151, 63388, 38833, 33956, 29120, 38471, 28636, 33377, 28443, 38118, 33136, 65215, 62434, 39560, 62801, 34785, 4243, 58249, 59666, 56613, 58898, 60811, 54203, 35468, 32696, 29732, 27203, 27295, 26420, 24352, 23259, 22204, 19698, 30232, 28601, 26926, 23324, 21633, 24759, 17464, 17692, 21401], [15133, 4243, 5831, 1000, 3000, 0, 4472, 2236, 5000, 6403, 7071, 8062, 26249, 22361, 28284, 26627, 29732, 26000, 28792, 30887, 19209, 17692, 19105, 17205, 22672, 21401, 19723, 23022, 21471, 26627, 24166, 43863, 40608, 42202, 39446, 47634, 42059, 47170, 48877, 46519, 35693, 33734, 34205, 31321, 36401, 37000, 35114, 32311, 37696, 33106, 36674, 38910, 34482, 60033, 55000, 50000, 60033, 50040, 60133, 50160, 60407, 35903, 31048, 26249, 35511, 25710, 30414, 25495, 35128, 30150, 63514, 60902, 36688, 61033, 31953, 3000, 56604, 57801, 54918, 57009, 58728, 52431, 34482, 31623, 28862, 26476, 26000, 25080, 23537, 22136, 20591, 18682, 32016, 30480, 28601, 25000, 23431, 26907, 18868, 19849, 23854], [19000, 5099, 5099, 3606, 2236, 4472, 0, 3000, 2236, 2236, 5831, 5000, 21932, 18974, 24083, 22825, 25612, 22804, 25710, 27313, 21471, 19723, 20809, 18439, 24207, 22672, 20518, 24042, 22023, 27586, 24413, 45343, 41725, 43186, 40000, 48795, 42438, 47802, 49406, 46648, 39319, 37336, 37656, 34713, 39812, 40262, 38328, 35440, 40804, 36056, 39560, 41785, 37162, 64125, 59034, 54037, 64000, 54000, 64031, 54037, 64195, 40262, 35440, 30676, 39812, 30083, 34713, 29833, 39319, 34366, 67424, 64661, 41110, 65000, 36401, 6403, 60465, 61847, 58822, 61074, 62936, 56400, 37696, 34928, 31953, 29411, 29530, 28653, 26571, 25495, 24413, 21932, 31385, 29682, 28178, 24597, 22825, 25612, 18974, 18601, 21932], [16000, 5385, 6403, 2000, 2828, 2236, 3000, 0, 2828, 4472, 5000, 5831, 24207, 20125, 26173, 24413, 27586, 23770, 26571, 28653, 18868, 17205, 18439, 16279, 21932, 20518, 18601, 22023, 20248, 25612, 22825, 43139, 39699, 41231, 38275, 46755, 40817, 46043, 47707, 45177, 36346, 34366, 34713, 31780, 36878, 37363, 35440, 32573, 37947, 33242, 36770, 39000, 34438, 61131, 56036, 51039, 61000, 51000, 61033, 51039, 61205, 37363, 32573, 27857, 36878, 27203, 31780, 26926, 36346, 31401, 65734, 63135, 38275, 63246, 33615, 5099, 58830, 60000, 57140, 59203, 60877, 54644, 36688, 33838, 31048, 28636, 28231, 27313, 25710, 24352, 22825, 20881, 33015, 31401, 29682, 26077, 24413, 27586, 20125, 20518, 24207], [18111, 7000, 7280, 4472, 4000, 5000, 2236, 2828, 0, 2000, 3606, 3162, 21401, 17464, 23345, 21633, 24759, 21190, 24042, 25942, 19698, 17889, 18868, 16401, 22204, 20616, 18385, 21932, 19849, 25456, 22204, 43278, 39598, 41037, 37802, 46669, 40224, 45607, 47202, 44418, 38118, 36125, 36346, 33377, 38471, 38833, 36878, 33956, 39294, 34482, 37947, 40162, 35468, 63285, 58138, 53151, 63032, 53038, 63000, 53000, 63071, 39850, 35114, 30463, 39294, 29732, 34205, 29411, 38639, 33734, 68505, 65863, 40853, 66030, 36249, 7616, 61587, 62801, 59908, 62008, 63702, 57428, 39217, 36401, 33526, 31048, 30871, 29967, 28160, 26926, 25554, 23409, 33615, 31906, 30414, 26833, 25060, 27803, 21190, 20809, 24042], [20100, 7280, 7000, 5657, 4472, 6403, 2236, 4472, 2000, 0, 5000, 3162, 19849, 16763, 21932, 20591, 23431, 20616, 23537, 25080, 21541, 19698, 20591, 18028, 23854, 22204, 19849, 23431, 21213, 26907, 23431, 44822, 41037, 42426, 39051, 48104, 41400, 46861, 48415, 45486, 40112, 38118, 38328, 35355, 40447, 40792, 38833, 35903, 41231, 36401, 39850, 42059, 37336, 65276, 60133, 55145, 65031, 55036, 65000, 55000, 65069, 41761, 37000, 32311, 41231, 31623, 36139, 31321, 40608, 35693, 69635, 66888, 42720, 67201, 38079, 8602, 62682, 64031, 61033, 63253, 65069, 58600, 39925, 37162, 34176, 31623, 31765, 30887, 28792, 27731, 26627, 24166, 32650, 30887, 29547, 26000, 24166, 26627, 20616, 19723, 22672], [16763, 10198, 10770, 7000, 7280, 7071, 5831, 5000, 3606, 5000, 0, 3000, 21471, 15811, 23022, 20518, 24207, 19235, 21932, 24413, 16763, 14866, 15652, 13038, 18868, 17205, 14866, 18439, 16279, 21932, 18601, 39825, 36069, 37483, 34205, 43139, 36620, 42012, 43600, 40817, 36000, 34000, 34059, 31064, 36125, 36346, 34366, 31401, 36674, 31780, 35171, 37363, 32573, 61660, 56436, 51478, 61205, 51245, 61074, 51088, 61000, 39000, 34438, 30017, 38275, 29069, 33242, 28636, 37363, 32573, 69971, 67535, 40249, 67417, 35847, 10050, 63135, 64070, 61400, 63246, 64661, 58830, 41485, 38601, 35903, 33541, 32894, 31953, 30594, 29120, 27313, 25710, 37216, 35511, 34000, 30414, 28653, 31401, 24698, 24413, 27586], [19647, 10050, 10050, 7616, 7071, 8062, 5000, 5831, 3162, 3162, 3000, 0, 18868, 14318, 20616, 18601, 21932, 18028, 20881, 22825, 19647, 17720, 18385, 15652, 21471, 19723, 17205, 20809, 18439, 24207, 20518, 42202, 38288, 39623, 36125, 45343, 38419, 43932, 45453, 42438, 39000, 37000, 37054, 34059, 39115, 39319, 37336, 34366, 39623, 34713, 38079, 40262, 35440, 64630, 59414, 54452, 64195, 54231, 64070, 54083, 64000, 41785, 37162, 32650, 41110, 31780, 36056, 31385, 40262, 35440, 71561, 68964, 42953, 69065, 38471, 10770, 64661, 65803, 62968, 65000, 66603, 60465, 42379, 39560, 36688, 34205, 34015, 33106, 31321, 30083, 28653, 26571, 35777, 34000, 32696, 29155, 27313, 29682, 23770, 22825, 25612], [38079, 26249, 25000, 25495, 24042, 26249, 21932, 24207, 21401, 19849, 21471, 18868, 0, 10440, 3000, 7071, 5000, 12207, 14142, 11180, 35355, 33377, 33136, 30150, 35000, 33000, 30000, 33061, 30067, 35355, 30414, 52202, 47434, 48104, 43463, 53852, 44721, 50537, 51478, 47170, 55902, 53935, 53600, 50636, 55444, 55227, 53235, 50249, 55082, 50090, 53009, 55000, 50000, 82225, 76903, 72035, 81394, 71589, 81049, 71197, 80623, 60415, 55902, 51478, 59615, 50537, 54626, 50090, 58523, 53852, 89022, 86023, 61717, 86683, 57306, 28284, 82006, 83630, 80430, 82879, 84853, 78102, 58310, 55758, 52479, 49739, 50804, 50000, 47170, 46615, 46098, 43012, 42000, 40000, 40112, 37336, 35355, 35000, 34482, 30414, 30000], [30806, 24042, 23537, 21932, 21190, 22361, 18974, 20125, 17464, 16763, 15811, 14318, 10440, 0, 10000, 5385, 10198, 4000, 7000, 8602, 26249, 24352, 23770, 20881, 25179, 23195, 20224, 23022, 20025, 25080, 20100, 41761, 37000, 37696, 33106, 43463, 34482, 40311, 41340, 37202, 46840, 44922, 44385, 41485, 46098, 45706, 43738, 40792, 45398, 40447, 43186, 45100, 40112, 73376, 68007, 63246, 72277, 62642, 71805, 62097, 71197, 53000, 48826, 44822, 51971, 43600, 47170, 43012, 50537, 46141, 85755, 83241, 54644, 83217, 50606, 25080, 78892, 79881, 77175, 79057, 80430, 74626, 56648, 53852, 50922, 48384, 48332, 47424, 45541, 44385, 42942, 40853, 46098, 44147, 43566, 40311, 38328, 39294, 36000, 33377, 34482], [39357, 28601, 27459, 27586, 26249, 28284, 24083, 26173, 23345, 21932, 23022, 20616, 3000, 10000, 0, 5385, 2000, 10770, 12207, 8602, 35903, 33956, 33541, 30594, 35128, 33136, 30150, 33015, 30017, 35057, 30067, 51420, 46573, 47127, 42379, 52811, 43463, 49244, 50090, 45651, 56515, 54571, 54129, 51196, 55902, 55579, 53600, 50636, 55326, 50359, 53151, 55082, 50090, 82970, 77621, 72801, 82000, 72277, 81584, 71805, 81049, 61717, 57306, 53000, 60836, 51971, 55902, 51478, 59615, 55036, 91400, 88482, 63135, 89022, 58830, 30480, 84404, 85913, 82801, 85147, 87000, 80430, 60902, 58310, 55073, 52355, 53254, 52431, 49739, 49092, 48415, 45486, 45000, 43000, 43105, 40311, 38328, 38000, 37363, 33377, 33000], [36056, 27731, 26926, 26077, 25060, 26627, 22825, 24413, 21633, 20591, 20518, 18601, 7071, 5385, 5385, 0, 5000, 5385, 7071, 5000, 31623, 29732, 29120, 26249, 30414, 28443, 25495, 28160, 25179, 30000, 25000, 46098, 41231, 41761, 37000, 47434, 38079, 43863, 44721, 40311, 52202, 50289, 49729, 46840, 51420, 50990, 49031, 46098, 50636, 45706, 48374, 50249, 45277, 78746, 73376, 68622, 77621, 68007, 77130, 67446, 76485, 58310, 54083, 50000, 57306, 48826, 52479, 48260, 55902, 51478, 90139, 87464, 59908, 87658, 55803, 29155, 83217, 84404, 81541, 83600, 85147, 79057, 60415, 57697, 54626, 52000, 52355, 51478, 49244, 48301, 47170, 44721, 47265, 45277, 45044, 42000, 40000, 40311, 38328, 35000, 35355], [40311, 30232, 29155, 29069, 27803, 29732, 25612, 27586, 24759, 23431, 24207, 21932, 5000, 10198, 2000, 5000, 0, 10198, 11180, 7071, 36401, 34482, 33956, 31048, 35355, 33377, 30414, 33136, 30150, 35000, 30000, 50990, 46098, 46573, 41761, 52202, 42720, 48466, 49244, 44721, 57009, 55082, 54571, 51662, 56294, 55902, 53935, 50990, 55579, 50636, 53339, 55227, 50249, 83522, 78160, 73376, 82462, 72801, 82000, 72277, 81394, 62650, 58310, 54083, 61717, 53000, 56824, 52479, 60415, 55902, 93005, 90139, 64140, 90604, 59908, 32016, 86023, 87459, 84404, 86683, 88459, 82006, 62650, 60033, 56824, 54120, 54918, 54083, 51478, 50774, 50000, 47170, 47000, 45000, 45100, 42297, 40311, 40000, 39294, 35355, 35000], [33302, 27893, 27459, 25632, 25000, 26000, 22804, 23770, 21190, 20616, 19235, 18028, 12207, 4000, 10770, 5385, 10198, 0, 3000, 5831, 27731, 25942, 25080, 22361, 25962, 24042, 21190, 23537, 20616, 25080, 20100, 40792, 35903, 36401, 31623, 42059, 32696, 38484, 39357, 34986, 48104, 46239, 45541, 42720, 47127, 46573, 44643, 41761, 46098, 41231, 43738, 45541, 40608, 74673, 69289, 64622, 73376, 63906, 72801, 63246, 72035, 55218, 51225, 47424, 54083, 46098, 49406, 45453, 52479, 48260, 89185, 86770, 57009, 86608, 53151, 28792, 82365, 83217, 80623, 82377, 83600, 78032, 60407, 57585, 54708, 52202, 52000, 51078, 49336, 48104, 46519, 44598, 50010, 48052, 47518, 44283, 42297, 43174, 40000, 37336, 38328], [35355, 30806, 30414, 28460, 27893, 28792, 25710, 26571, 24042, 23537, 21932, 20881, 14142, 7000, 12207, 7071, 11180, 3000, 0, 5000, 29155, 27459, 26420, 23854, 26926, 25080, 22361, 24352, 21541, 25495, 20616, 40311, 35355, 35693, 30806, 41231, 31623, 37336, 38079, 33541, 49244, 47424, 46615, 43863, 48104, 47434, 45541, 42720, 46840, 42059, 44385, 46098, 41231, 75769, 70385, 65795, 74330, 65000, 73682, 64257, 72801, 57009, 53151, 49497, 55803, 48104, 51225, 47424, 54083, 50000, 91788, 89443, 58898, 89185, 55172, 31623, 85000, 85755, 83241, 84906, 86023, 80623, 63246, 60407, 57567, 55082, 54781, 53852, 52202, 50922, 49244, 47434, 52953, 50990, 50488, 47265, 45277, 46098, 43000, 40311, 41231], [39051, 32311, 31623, 30414, 29547, 30887, 27313, 28653, 25942, 25080, 24413, 22825, 11180, 8602, 8602, 5000, 7071, 5831, 5000, 0, 33541, 31765, 30871, 28178, 31623, 29732, 26926, 29120, 26249, 30414, 25495, 45277, 40311, 40608, 35693, 46098, 36401, 42059, 42720, 38079, 53852, 52000, 51264, 48466, 52811, 52202, 50289, 47434, 51662, 46840, 49244, 50990, 46098, 80411, 75027, 70385, 79057, 69642, 78447, 68949, 77621, 61033, 57009, 53151, 59908, 51856, 55218, 51225, 58310, 54083, 94340, 91788, 62801, 91810, 58898, 33541, 87464, 88482, 85755, 87658, 89022, 83217, 65000, 62241, 59237, 56648, 56798, 55902, 53852, 52802, 51478, 49244, 52240, 50249, 50040, 47000, 45000, 45277, 43290, 40000, 40311], [10000, 23431, 25000, 20000, 21633, 19209, 21471, 18868, 19698, 21541, 16763, 19647, 35355, 26249, 35903, 31623, 36401, 27731, 29155, 33541, 0, 2000, 2828, 5385, 5000, 5385, 7071, 7280, 8602, 10000, 11180, 25000, 22361, 24166, 22561, 29155, 25495, 29732, 31623, 30414, 20616, 18682, 18248, 15297, 20100, 20000, 18000, 15000, 20100, 15133, 18439, 20616, 15811, 47127, 41761, 37000, 46098, 36401, 45706, 35903, 45277, 28284, 25000, 22361, 26907, 20591, 22672, 19723, 25000, 21213, 68007, 66708, 30480, 65146, 27459, 21213, 61847, 61351, 59908, 60407, 60415, 57009, 45277, 42297, 40792, 39294, 36346, 35355, 36401, 33956, 30414, 31623, 50931, 49497, 47424, 43863, 42426, 46098, 37537, 39051, 43012], [10198, 21932, 23431, 18439, 20000, 17692, 19723, 17205, 17889, 19698, 14866, 17720, 33377, 24352, 33956, 29732, 34482, 25942, 27459, 31765, 2000, 0, 2000, 3606, 5385, 5000, 5831, 7000, 7616, 10198, 10440, 26249, 23324, 25060, 23087, 30232, 25962, 30463, 32311, 30806, 22561, 20616, 20224, 17263, 22091, 22000, 20000, 17000, 22091, 17117, 20396, 22561, 17720, 49041, 43681, 38897, 48052, 38328, 47676, 37855, 47265, 29732, 26249, 23324, 28425, 21633, 24042, 20809, 26627, 22672, 68622, 67186, 31828, 65788, 28601, 19849, 62362, 62032, 60440, 61098, 61270, 57567, 45100, 42107, 40447, 38833, 36125, 35128, 35903, 33541, 30150, 31048, 49578, 48104, 46098, 42521, 41037, 44598, 36235, 37537, 41400], [12166, 23345, 24759, 19799, 21260, 19105, 20809, 18439, 18868, 20591, 15652, 18385, 33136, 23770, 33541, 29120, 33956, 25080, 26420, 30871, 2828, 2000, 0, 3000, 3606, 3000, 4243, 5000, 5831, 8246, 8544, 24759, 21633, 23324, 21190, 28601, 24042, 28636, 30463, 28862, 23087, 21190, 20616, 17720, 22361, 22091, 20100, 17117, 22000, 17000, 20100, 22204, 17263, 49649, 44272, 39560, 48508, 38897, 48052, 38328, 47518, 31113, 27803, 25060, 29732, 23324, 25495, 22472, 27803, 24042, 70520, 69123, 33302, 67676, 30232, 21401, 64288, 63906, 62362, 62968, 63071, 59481, 47096, 44102, 42426, 40792, 38118, 37121, 37855, 35511, 32140, 32985, 51088, 49578, 47634, 44045, 42521, 45967, 37802, 38897, 42638], [13000, 21401, 22672, 17804, 19105, 17205, 18439, 16279, 16401, 18028, 13038, 15652, 30150, 20881, 30594, 26249, 31048, 22361, 23854, 28178, 5385, 3606, 3000, 0, 5831, 4243, 3000, 5831, 5000, 9434, 8000, 26907, 23431, 25000, 22361, 30480, 25080, 30017, 31765, 29732, 25962, 24042, 23537, 20616, 25318, 25080, 23087, 20100, 25000, 20000, 23087, 25179, 20224, 52498, 47127, 42379, 51420, 41761, 50990, 41231, 50488, 33302, 29732, 26627, 32016, 25000, 27586, 24207, 30232, 26249, 71512, 69921, 35355, 68710, 32016, 19723, 65146, 65000, 63246, 64078, 64413, 60407, 47000, 44000, 42107, 40311, 38000, 37000, 37336, 35128, 32000, 32388, 49204, 47634, 45804, 42202, 40608, 43863, 36056, 36797, 40361], [15000, 26907, 28284, 23345, 24759, 22672, 24207, 21932, 22204, 23854, 18868, 21471, 35000, 25179, 35128, 30414, 35355, 25962, 26926, 31623, 5000, 5385, 3606, 5831, 0, 2000, 5000, 2828, 5385, 5000, 7071, 21213, 18028, 19723, 17720, 25000, 20616, 25080, 26926, 25495, 22361, 20591, 19698, 17000, 21190, 20616, 18682, 15811, 20224, 15297, 18028, 20000, 15000, 48847, 43463, 38910, 47434, 38079, 46840, 37336, 46098, 32016, 29155, 26926, 30480, 25080, 26627, 24166, 28284, 25000, 72801, 71589, 34409, 69921, 31765, 25000, 66708, 66098, 64761, 65146, 65000, 61847, 50249, 47265, 45706, 44147, 41304, 40311, 41231, 38833, 35355, 36401, 54672, 53151, 51225, 47634, 46098, 49497, 41400, 42426, 46098], [15133, 25612, 26907, 22023, 23345, 21401, 22672, 20518, 20616, 22204, 17205, 19723, 33000, 23195, 33136, 28443, 33377, 24042, 25080, 29732, 5385, 5000, 3000, 4243, 2000, 0, 3000, 2000, 3606, 5385, 5831, 22672, 19209, 20809, 18385, 26249, 21190, 25942, 27731, 25962, 24166, 22361, 21541, 18788, 23087, 22561, 20616, 17720, 22204, 17263, 20025, 22000, 17000, 50695, 45310, 40719, 49336, 39925, 48765, 39217, 48052, 33302, 30232, 27731, 31828, 25942, 27803, 25060, 29732, 26249, 73376, 72035, 35609, 70520, 32757, 23854, 67186, 66731, 65253, 65788, 65795, 62362, 50090, 47096, 45398, 43738, 41110, 40112, 40792, 38471, 35128, 35903, 53413, 51856, 50000, 46400, 44822, 48104, 40224, 41037, 44598], [15811, 23854, 25000, 20248, 21401, 19723, 20518, 18601, 18385, 19849, 14866, 17205, 30000, 20224, 30150, 25495, 30414, 21190, 22361, 26926, 7071, 5831, 4243, 3000, 5000, 3000, 0, 3606, 2000, 7071, 5000, 25000, 21213, 22672, 19723, 28284, 22361, 27459, 29155, 26926, 26926, 25080, 24352, 21541, 25962, 25495, 23537, 20616, 25179, 20224, 23022, 25000, 20000, 53488, 48104, 43463, 52202, 42720, 51662, 42059, 50990, 35355, 32016, 29155, 33971, 27459, 29732, 26627, 32016, 28284, 74330, 72801, 37537, 71512, 34409, 22361, 68007, 67779, 66098, 66851, 67082, 63246, 50000, 47000, 45100, 43290, 41000, 40000, 40311, 38118, 35000, 35355, 51614, 50000, 48260, 44654, 43012, 46098, 38588, 39051, 42426], [17117, 27203, 28425, 23601, 24839, 23022, 24042, 22023, 21932, 23431, 18439, 20809, 33061, 23022, 33015, 28160, 33136, 23537, 24352, 29120, 7280, 7000, 5000, 5831, 2828, 2000, 3606, 0, 3000, 3606, 4243, 21401, 17692, 19209, 16553, 24759, 19313, 24187, 25942, 24042, 25060, 23324, 22361, 19723, 23770, 23087, 21190, 18385, 22561, 17720, 20224, 22091, 17117, 51478, 46098, 41593, 49980, 40719, 49336, 39925, 48508, 34828, 31906, 29547, 33302, 27731, 29411, 26833, 31113, 27803, 75286, 73980, 37202, 72422, 34482, 25554, 69123, 68622, 67186, 67676, 67624, 64288, 52086, 49092, 47381, 45706, 43105, 42107, 42755, 40447, 37121, 37855, 55000, 53413, 51614, 48010, 46400, 49578, 41881, 42521, 45967], [17720, 25554, 26627, 21954, 23022, 21471, 22023, 20248, 19849, 21213, 16279, 18439, 30067, 20025, 30017, 25179, 30150, 20616, 21541, 26249, 8602, 7616, 5831, 5000, 5385, 3606, 2000, 3000, 0, 5831, 3000, 23854, 19849, 21213, 18028, 26907, 20591, 25807, 27459, 25080, 27731, 25942, 25080, 22361, 26571, 25962, 24042, 21190, 25495, 20616, 23195, 25080, 20100, 54231, 48847, 44283, 52811, 43463, 52202, 42720, 51420, 36797, 33601, 30887, 35355, 29155, 31241, 28302, 33302, 29732, 76217, 74726, 39051, 73389, 36056, 24166, 69921, 69642, 68007, 68710, 68877, 65146, 52000, 49000, 47096, 45277, 43000, 42000, 42297, 40112, 37000, 37336, 53254, 51614, 49930, 46325, 44654, 47634, 40311, 40608, 43863], [20000, 30806, 32016, 27203, 28425, 26627, 27586, 25612, 25456, 26907, 21932, 24207, 35355, 25080, 35057, 30000, 35000, 25080, 25495, 30414, 10000, 10198, 8246, 9434, 5000, 5385, 7071, 3606, 5831, 0, 5000, 18028, 14142, 15620, 13000, 21213, 15811, 20591, 22361, 20616, 25000, 23431, 22204, 19849, 23324, 22361, 20591, 18028, 21541, 17000, 18974, 20616, 15811, 51000, 45651, 41340, 49244, 40311, 48466, 39357, 47434, 36056, 33541, 31623, 34409, 29732, 30887, 28792, 32016, 29155, 77621, 76485, 38588, 74726, 36249, 29155, 71589, 70880, 69635, 69921, 69642, 66708, 55227, 52240, 50636, 49031, 46271, 45277, 46098, 43738, 40311, 41231, 58600, 57009, 55218, 51614, 50000, 53151, 45486, 46098, 49497], [20616, 28178, 29155, 24597, 25554, 24166, 24413, 22825, 22204, 23431, 18601, 20518, 30414, 20100, 30067, 25000, 30000, 20100, 20616, 25495, 11180, 10440, 8544, 8000, 7071, 5831, 5000, 4243, 3000, 5000, 0, 22361, 18028, 19209, 15620, 25000, 18028, 23431, 25000, 22361, 29155, 27459, 26420, 23854, 27731, 26926, 25080, 22361, 26249, 21541, 23770, 25495, 20616, 55462, 50090, 45651, 53852, 44721, 53141, 43863, 52202, 39051, 36056, 33541, 37537, 31765, 33601, 30887, 35355, 32016, 79057, 77621, 41400, 76217, 38588, 26926, 72801, 72450, 70880, 71512, 71589, 68007, 55000, 52000, 50090, 48260, 46000, 45000, 45277, 43105, 40000, 40311, 55758, 54083, 52479, 48877, 47170, 50000, 42942, 43012, 46098], [33541, 48104, 49497, 44553, 45967, 43863, 45343, 43139, 43278, 44822, 39825, 42202, 52202, 41761, 51420, 46098, 50990, 40792, 40311, 45277, 25000, 26249, 24759, 26907, 21213, 22672, 25000, 21401, 23854, 18028, 22361, 0, 5000, 5385, 10198, 5000, 11180, 9434, 11180, 14142, 25495, 25179, 23195, 23000, 22561, 20616, 20224, 20000, 18682, 18000, 16279, 15811, 15000, 45343, 40608, 37736, 42426, 36056, 41037, 34409, 39051, 40311, 40000, 40311, 38328, 38328, 37000, 37336, 35355, 35000, 85147, 85000, 43290, 82152, 43000, 46098, 80000, 78160, 78000, 77162, 75664, 75000, 68007, 65146, 64257, 63159, 59464, 58523, 60415, 57775, 53852, 55902, 75822, 74330, 72346, 68768, 67268, 70711, 62482, 63640, 67268], [31623, 44822, 46098, 41231, 42521, 40608, 41725, 39699, 39598, 41037, 36069, 38288, 47434, 37000, 46573, 41231, 46098, 35903, 35355, 40311, 22361, 23324, 21633, 23431, 18028, 19209, 21213, 17692, 19849, 14142, 18028, 5000, 0, 2000, 5385, 7071, 7071, 8000, 10000, 11180, 26926, 26249, 24352, 23537, 24166, 22361, 21541, 20616, 20591, 18682, 17889, 18028, 15811, 48795, 43863, 40608, 46098, 39051, 44822, 37537, 43012, 41231, 40311, 40000, 39294, 38000, 37336, 37000, 36401, 35355, 85586, 85147, 44147, 82608, 43290, 43012, 80156, 78638, 78160, 77647, 76485, 75166, 66708, 63789, 62642, 61351, 57974, 57009, 58523, 55973, 52202, 53852, 72622, 71063, 69203, 65605, 64031, 67268, 59405, 60208, 63640], [33526, 46400, 47634, 42802, 44045, 42202, 43186, 41231, 41037, 42426, 37483, 39623, 48104, 37696, 47127, 41761, 46573, 36401, 35693, 40608, 24166, 25060, 23324, 25000, 19723, 20809, 22672, 19209, 21213, 15620, 19209, 5385, 2000, 0, 5000