{"meta": {"NAME": "C208", "VEHICLES": 25, "CAPACITY": 700, "JOBS": 100, "TIME WINDOW": [-36714, 3319202]}, "vehicles": [{"id": 0, "start": [40.0, 50.0], "start_index": 0, "end": [40.0, 50.0], "end_index": 0, "capacity": [700], "time_window": [0, 3390000]}, {"id": 1, "start": [40.0, 50.0], "start_index": 0, "end": [40.0, 50.0], "end_index": 0, "capacity": [700], "time_window": [0, 3390000]}, {"id": 2, "start": [40.0, 50.0], "start_index": 0, "end": [40.0, 50.0], "end_index": 0, "capacity": [700], "time_window": [0, 3390000]}, {"id": 3, "start": [40.0, 50.0], "start_index": 0, "end": [40.0, 50.0], "end_index": 0, "capacity": [700], "time_window": [0, 3390000]}, {"id": 4, "start": [40.0, 50.0], "start_index": 0, "end": [40.0, 50.0], "end_index": 0, "capacity": [700], "time_window": [0, 3390000]}, {"id": 5, "start": [40.0, 50.0], "start_index": 0, "end": [40.0, 50.0], "end_index": 0, "capacity": [700], "time_window": [0, 3390000]}, {"id": 6, "start": [40.0, 50.0], "start_index": 0, "end": [40.0, 50.0], "end_index": 0, "capacity": [700], "time_window": [0, 3390000]}, {"id": 7, "start": [40.0, 50.0], "start_index": 0, "end": [40.0, 50.0], "end_index": 0, "capacity": [700], "time_window": [0, 3390000]}, {"id": 8, "start": [40.0, 50.0], "start_index": 0, "end": [40.0, 50.0], "end_index": 0, "capacity": [700], "time_window": [0, 3390000]}, {"id": 9, "start": [40.0, 50.0], "start_index": 0, "end": [40.0, 50.0], "end_index": 0, "capacity": [700], "time_window": [0, 3390000]}, {"id": 10, "start": [40.0, 50.0], "start_index": 0, "end": [40.0, 50.0], "end_index": 0, "capacity": [700], "time_window": [0, 3390000]}, {"id": 11, "start": [40.0, 50.0], "start_index": 0, "end": [40.0, 50.0], "end_index": 0, "capacity": [700], "time_window": [0, 3390000]}, {"id": 12, "start": [40.0, 50.0], "start_index": 0, "end": [40.0, 50.0], "end_index": 0, "capacity": [700], "time_window": [0, 3390000]}, {"id": 13, "start": [40.0, 50.0], "start_index": 0, "end": [40.0, 50.0], "end_index": 0, "capacity": [700], "time_window": [0, 3390000]}, {"id": 14, "start": [40.0, 50.0], "start_index": 0, "end": [40.0, 50.0], "end_index": 0, "capacity": [700], "time_window": [0, 3390000]}, {"id": 15, "start": [40.0, 50.0], "start_index": 0, "end": [40.0, 50.0], "end_index": 0, "capacity": [700], "time_window": [0, 3390000]}, {"id": 16, "start": [40.0, 50.0], "start_index": 0, "end": [40.0, 50.0], "end_index": 0, "capacity": [700], "time_window": [0, 3390000]}, {"id": 17, "start": [40.0, 50.0], "start_index": 0, "end": [40.0, 50.0], "end_index": 0, "capacity": [700], "time_window": [0, 3390000]}, {"id": 18, "start": [40.0, 50.0], "start_index": 0, "end": [40.0, 50.0], "end_index": 0, "capacity": [700], "time_window": [0, 3390000]}, {"id": 19, "start": [40.0, 50.0], "start_index": 0, "end": [40.0, 50.0], "end_index": 0, "capacity": [700], "time_window": [0, 3390000]}, {"id": 20, "start": [40.0, 50.0], "start_index": 0, "end": [40.0, 50.0], "end_index": 0, "capacity": [700], "time_window": [0, 3390000]}, {"id": 21, "start": [40.0, 50.0], "start_index": 0, "end": [40.0, 50.0], "end_index": 0, "capacity": [700], "time_window": [0, 3390000]}, {"id": 22, "start": [40.0, 50.0], "start_index": 0, "end": [40.0, 50.0], "end_index": 0, "capacity": [700], "time_window": [0, 3390000]}, {"id": 23, "start": [40.0, 50.0], "start_index": 0, "end": [40.0, 50.0], "end_index": 0, "capacity": [700], "time_window": [0, 3390000]}, {"id": 24, "start": [40.0, 50.0], "start_index": 0, "end": [40.0, 50.0], "end_index": 0, "capacity": [700], "time_window": [0, 3390000]}], "jobs": [{"id": 1, "location": [52.0, 75.0], "location_index": 1, "delivery": [10], "time_windows": [[71000, 711000]], "service": 90000}, {"id": 2, "location": [45.0, 70.0], "location_index": 2, "delivery": [30], "time_windows": [[20000, 660000]], "service": 90000}, {"id": 3, "location": [62.0, 69.0], "location_index": 3, "delivery": [10], "time_windows": [[927000, 1567000]], "service": 90000}, {"id": 4, "location": [60.0, 66.0], "location_index": 4, "delivery": [10], "time_windows": [[1021000, 1661000]], "service": 90000}, {"id": 5, "location": [42.0, 65.0], "location_index": 5, "delivery": [10], "time_windows": [[15000, 655000]], "service": 90000}, {"id": 6, "location": [16.0, 42.0], "location_index": 6, "delivery": [20], "time_windows": [[257000, 897000]], "service": 90000}, {"id": 7, "location": [58.0, 70.0], "location_index": 7, "delivery": [20], "time_windows": [[833000, 1473000]], "service": 90000}, {"id": 8, "location": [34.0, 60.0], "location_index": 8, "delivery": [20], "time_windows": [[2647000, 3287000]], "service": 90000}, {"id": 9, "location": [28.0, 70.0], "location_index": 9, "delivery": [10], "time_windows": [[2361000, 3001000]], "service": 90000}, {"id": 10, "location": [35.0, 66.0], "location_index": 10, "delivery": [10], "time_windows": [[2551000, 3191000]], "service": 90000}, {"id": 11, "location": [35.0, 69.0], "location_index": 11, "delivery": [10], "time_windows": [[2458000, 3098000]], "service": 90000}, {"id": 12, "location": [25.0, 85.0], "location_index": 12, "delivery": [20], "time_windows": [[1879000, 2519000]], "service": 90000}, {"id": 13, "location": [22.0, 75.0], "location_index": 13, "delivery": [30], "time_windows": [[2165000, 2805000]], "service": 90000}, {"id": 14, "location": [22.0, 85.0], "location_index": 14, "delivery": [10], "time_windows": [[1786000, 2426000]], "service": 90000}, {"id": 15, "location": [20.0, 80.0], "location_index": 15, "delivery": [40], "time_windows": [[1976000, 2616000]], "service": 90000}, {"id": 16, "location": [20.0, 85.0], "location_index": 16, "delivery": [40], "time_windows": [[1694000, 2334000]], "service": 90000}, {"id": 17, "location": [18.0, 75.0], "location_index": 17, "delivery": [20], "time_windows": [[2071000, 2711000]], "service": 90000}, {"id": 18, "location": [15.0, 75.0], "location_index": 18, "delivery": [20], "time_windows": [[1502000, 2142000]], "service": 90000}, {"id": 19, "location": [15.0, 80.0], "location_index": 19, "delivery": [10], "time_windows": [[1597000, 2237000]], "service": 90000}, {"id": 20, "location": [30.0, 50.0], "location_index": 20, "delivery": [10], "time_windows": [[10000, 650000]], "service": 90000}, {"id": 21, "location": [30.0, 56.0], "location_index": 21, "delivery": [20], "time_windows": [[2648000, 3288000]], "service": 90000}, {"id": 22, "location": [28.0, 52.0], "location_index": 22, "delivery": [20], "time_windows": [[12000, 652000]], "service": 90000}, {"id": 23, "location": [14.0, 66.0], "location_index": 23, "delivery": [10], "time_windows": [[1403000, 2043000]], "service": 90000}, {"id": 24, "location": [25.0, 50.0], "location_index": 24, "delivery": [10], "time_windows": [[15000, 655000]], "service": 90000}, {"id": 25, "location": [22.0, 66.0], "location_index": 25, "delivery": [40], "time_windows": [[2264000, 2904000]], "service": 90000}, {"id": 26, "location": [8.0, 62.0], "location_index": 26, "delivery": [10], "time_windows": [[1305000, 1945000]], "service": 90000}, {"id": 27, "location": [23.0, 52.0], "location_index": 27, "delivery": [10], "time_windows": [[17000, 657000]], "service": 90000}, {"id": 28, "location": [4.0, 55.0], "location_index": 28, "delivery": [20], "time_windows": [[1207000, 1847000]], "service": 90000}, {"id": 29, "location": [20.0, 50.0], "location_index": 29, "delivery": [10], "time_windows": [[158000, 798000]], "service": 90000}, {"id": 30, "location": [20.0, 55.0], "location_index": 30, "delivery": [10], "time_windows": [[63000, 703000]], "service": 90000}, {"id": 31, "location": [10.0, 35.0], "location_index": 31, "delivery": [20], "time_windows": [[541000, 1181000]], "service": 90000}, {"id": 32, "location": [10.0, 40.0], "location_index": 32, "delivery": [30], "time_windows": [[353000, 993000]], "service": 90000}, {"id": 33, "location": [8.0, 40.0], "location_index": 33, "delivery": [40], "time_windows": [[445000, 1085000]], "service": 90000}, {"id": 34, "location": [8.0, 45.0], "location_index": 34, "delivery": [20], "time_windows": [[1106000, 1746000]], "service": 90000}, {"id": 35, "location": [5.0, 35.0], "location_index": 35, "delivery": [10], "time_windows": [[636000, 1276000]], "service": 90000}, {"id": 36, "location": [5.0, 45.0], "location_index": 36, "delivery": [10], "time_windows": [[1013000, 1653000]], "service": 90000}, {"id": 37, "location": [2.0, 40.0], "location_index": 37, "delivery": [20], "time_windows": [[731000, 1371000]], "service": 90000}, {"id": 38, "location": [0.0, 40.0], "location_index": 38, "delivery": [30], "time_windows": [[823000, 1463000]], "service": 90000}, {"id": 39, "location": [0.0, 45.0], "location_index": 39, "delivery": [20], "time_windows": [[918000, 1558000]], "service": 90000}, {"id": 40, "location": [36.0, 18.0], "location_index": 40, "delivery": [10], "time_windows": [[1579000, 2219000]], "service": 90000}, {"id": 41, "location": [35.0, 32.0], "location_index": 41, "delivery": [10], "time_windows": [[2518000, 3158000]], "service": 90000}, {"id": 42, "location": [33.0, 32.0], "location_index": 42, "delivery": [20], "time_windows": [[2426000, 3066000]], "service": 90000}, {"id": 43, "location": [33.0, 35.0], "location_index": 43, "delivery": [10], "time_windows": [[2333000, 2973000]], "service": 90000}, {"id": 44, "location": [32.0, 20.0], "location_index": 44, "delivery": [10], "time_windows": [[1673000, 2313000]], "service": 90000}, {"id": 45, "location": [30.0, 30.0], "location_index": 45, "delivery": [10], "time_windows": [[1865000, 2505000]], "service": 90000}, {"id": 46, "location": [34.0, 25.0], "location_index": 46, "delivery": [30], "time_windows": [[1769000, 2409000]], "service": 90000}, {"id": 47, "location": [30.0, 35.0], "location_index": 47, "delivery": [10], "time_windows": [[2240000, 2880000]], "service": 90000}, {"id": 48, "location": [36.0, 40.0], "location_index": 48, "delivery": [10], "time_windows": [[2616000, 3256000]], "service": 90000}, {"id": 49, "location": [48.0, 20.0], "location_index": 49, "delivery": [10], "time_windows": [[727000, 1367000]], "service": 90000}, {"id": 50, "location": [26.0, 32.0], "location_index": 50, "delivery": [10], "time_windows": [[2052000, 2692000]], "service": 90000}, {"id": 51, "location": [25.0, 30.0], "location_index": 51, "delivery": [10], "time_windows": [[1960000, 2600000]], "service": 90000}, {"id": 52, "location": [25.0, 35.0], "location_index": 52, "delivery": [10], "time_windows": [[2145000, 2785000]], "service": 90000}, {"id": 53, "location": [44.0, 5.0], "location_index": 53, "delivery": [20], "time_windows": [[1016000, 1656000]], "service": 90000}, {"id": 54, "location": [42.0, 10.0], "location_index": 54, "delivery": [40], "time_windows": [[920000, 1560000]], "service": 90000}, {"id": 55, "location": [42.0, 15.0], "location_index": 55, "delivery": [10], "time_windows": [[825000, 1465000]], "service": 90000}, {"id": 56, "location": [40.0, 5.0], "location_index": 56, "delivery": [30], "time_windows": [[1110000, 1750000]], "service": 90000}, {"id": 57, "location": [38.0, 15.0], "location_index": 57, "delivery": [40], "time_windows": [[1485000, 2125000]], "service": 90000}, {"id": 58, "location": [38.0, 5.0], "location_index": 58, "delivery": [30], "time_windows": [[1202000, 1842000]], "service": 90000}, {"id": 59, "location": [38.0, 10.0], "location_index": 59, "delivery": [10], "time_windows": [[1390000, 2030000]], "service": 90000}, {"id": 60, "location": [35.0, 5.0], "location_index": 60, "delivery": [20], "time_windows": [[1295000, 1935000]], "service": 90000}, {"id": 61, "location": [50.0, 30.0], "location_index": 61, "delivery": [10], "time_windows": [[161000, 801000]], "service": 90000}, {"id": 62, "location": [50.0, 35.0], "location_index": 62, "delivery": [20], "time_windows": [[18000, 658000]], "service": 90000}, {"id": 63, "location": [50.0, 40.0], "location_index": 63, "delivery": [50], "time_windows": [[14000, 654000]], "service": 90000}, {"id": 64, "location": [48.0, 30.0], "location_index": 64, "delivery": [10], "time_windows": [[253000, 893000]], "service": 90000}, {"id": 65, "location": [44.0, 25.0], "location_index": 65, "delivery": [10], "time_windows": [[631000, 1271000]], "service": 90000}, {"id": 66, "location": [47.0, 35.0], "location_index": 66, "delivery": [10], "time_windows": [[348000, 988000]], "service": 90000}, {"id": 67, "location": [47.0, 40.0], "location_index": 67, "delivery": [10], "time_windows": [[12000, 652000]], "service": 90000}, {"id": 68, "location": [42.0, 30.0], "location_index": 68, "delivery": [10], "time_windows": [[536000, 1176000]], "service": 90000}, {"id": 69, "location": [45.0, 35.0], "location_index": 69, "delivery": [10], "time_windows": [[440000, 1080000]], "service": 90000}, {"id": 70, "location": [95.0, 30.0], "location_index": 70, "delivery": [30], "time_windows": [[2081000, 2721000]], "service": 90000}, {"id": 71, "location": [95.0, 35.0], "location_index": 71, "delivery": [20], "time_windows": [[1986000, 2626000]], "service": 90000}, {"id": 72, "location": [53.0, 30.0], "location_index": 72, "delivery": [10], "time_windows": [[68000, 708000]], "service": 90000}, {"id": 73, "location": [92.0, 30.0], "location_index": 73, "delivery": [10], "time_windows": [[2174000, 2814000]], "service": 90000}, {"id": 74, "location": [53.0, 35.0], "location_index": 74, "delivery": [50], "time_windows": [[19000, 659000]], "service": 90000}, {"id": 75, "location": [45.0, 65.0], "location_index": 75, "delivery": [20], "time_windows": [[15000, 655000]], "service": 90000}, {"id": 76, "location": [90.0, 35.0], "location_index": 76, "delivery": [10], "time_windows": [[1891000, 2531000]], "service": 90000}, {"id": 77, "location": [72.0, 45.0], "location_index": 77, "delivery": [10], "time_windows": [[2627000, 3267000]], "service": 90000}, {"id": 78, "location": [78.0, 40.0], "location_index": 78, "delivery": [20], "time_windows": [[2562000, 3202000]], "service": 90000}, {"id": 79, "location": [87.0, 30.0], "location_index": 79, "delivery": [10], "time_windows": [[2368000, 3008000]], "service": 90000}, {"id": 80, "location": [85.0, 25.0], "location_index": 80, "delivery": [10], "time_windows": [[2273000, 2913000]], "service": 90000}, {"id": 81, "location": [85.0, 35.0], "location_index": 81, "delivery": [30], "time_windows": [[2463000, 3103000]], "service": 90000}, {"id": 82, "location": [75.0, 55.0], "location_index": 82, "delivery": [20], "time_windows": [[1685000, 2325000]], "service": 90000}, {"id": 83, "location": [72.0, 55.0], "location_index": 83, "delivery": [10], "time_windows": [[1592000, 2232000]], "service": 90000}, {"id": 84, "location": [70.0, 58.0], "location_index": 84, "delivery": [20], "time_windows": [[1401000, 2041000]], "service": 90000}, {"id": 85, "location": [86.0, 46.0], "location_index": 85, "delivery": [30], "time_windows": [[1789000, 2429000]], "service": 90000}, {"id": 86, "location": [66.0, 55.0], "location_index": 86, "delivery": [10], "time_windows": [[1496000, 2136000]], "service": 90000}, {"id": 87, "location": [64.0, 46.0], "location_index": 87, "delivery": [20], "time_windows": [[2635000, 3275000]], "service": 90000}, {"id": 88, "location": [65.0, 60.0], "location_index": 88, "delivery": [30], "time_windows": [[1306000, 1946000]], "service": 90000}, {"id": 89, "location": [56.0, 64.0], "location_index": 89, "delivery": [10], "time_windows": [[1115000, 1755000]], "service": 90000}, {"id": 90, "location": [60.0, 55.0], "location_index": 90, "delivery": [10], "time_windows": [[2639000, 3279000]], "service": 90000}, {"id": 91, "location": [60.0, 60.0], "location_index": 91, "delivery": [10], "time_windows": [[1211000, 1851000]], "service": 90000}, {"id": 92, "location": [67.0, 85.0], "location_index": 92, "delivery": [20], "time_windows": [[454000, 1094000]], "service": 90000}, {"id": 93, "location": [42.0, 58.0], "location_index": 93, "delivery": [40], "time_windows": [[8000, 648000]], "service": 90000}, {"id": 94, "location": [65.0, 82.0], "location_index": 94, "delivery": [10], "time_windows": [[548000, 1188000]], "service": 90000}, {"id": 95, "location": [62.0, 80.0], "location_index": 95, "delivery": [30], "time_windows": [[641000, 1281000]], "service": 90000}, {"id": 96, "location": [62.0, 40.0], "location_index": 96, "delivery": [10], "time_windows": [[2635000, 3275000]], "service": 90000}, {"id": 97, "location": [60.0, 85.0], "location_index": 97, "delivery": [30], "time_windows": [[357000, 997000]], "service": 90000}, {"id": 98, "location": [58.0, 75.0], "location_index": 98, "delivery": [20], "time_windows": [[738000, 1378000]], "service": 90000}, {"id": 99, "location": [55.0, 80.0], "location_index": 99, "delivery": [10], "time_windows": [[167000, 807000]], "service": 90000}, {"id": 100, "location": [55.0, 85.0], "location_index": 100, "delivery": [20], "time_windows": [[262000, 902000]], "service": 90000}], "matrices": {"car": {"durations": [[0, 27731, 20616, 29069, 25612, 15133, 25298, 26907, 11662, 23324, 16763, 19647, 38079, 30806, 39357, 36056, 40311, 33302, 35355, 39051, 10000, 11662, 12166, 30529, 15000, 24083, 34176, 17117, 36346, 20000, 20616, 33541, 31623, 33526, 32388, 38079, 35355, 39294, 41231, 40311, 32249, 18682, 19313, 16553, 31048, 22361, 25710, 18028, 10770, 31048, 22804, 25000, 21213, 45177, 40050, 35057, 45000, 35057, 45044, 40050, 45277, 22361, 18028, 14142, 21541, 25318, 16553, 12207, 20100, 15811, 58523, 57009, 23854, 55714, 19849, 15811, 52202, 32388, 39294, 51078, 51478, 47434, 35355, 32388, 31048, 46174, 26476, 24331, 26926, 21260, 20616, 22361, 44204, 8246, 40608, 37202, 24166, 40311, 30806, 33541, 38079], [27731, 0, 8602, 11662, 12042, 14142, 48836, 7810, 23431, 24515, 19235, 18028, 28792, 30000, 31623, 32388, 33526, 34000, 37000, 37336, 33302, 29069, 33242, 39051, 36797, 31321, 45880, 37014, 52000, 40608, 37736, 58000, 54672, 56223, 53254, 61717, 55758, 61033, 62682, 60033, 59203, 46239, 47011, 44283, 58523, 50090, 53141, 45651, 38484, 55145, 50249, 52479, 48260, 70456, 65765, 60828, 71021, 61612, 71386, 66491, 72035, 45044, 40050, 35057, 45177, 50636, 40311, 35355, 46098, 40608, 62241, 58728, 45011, 60208, 40012, 12207, 55172, 36056, 43600, 57009, 59908, 51856, 30480, 28284, 24759, 44688, 24413, 31385, 19849, 11705, 21541, 17000, 18028, 19723, 14765, 11180, 36401, 12806, 6000, 5831, 10440], [20616, 8602, 0, 17029, 15524, 5831, 40311, 13000, 14866, 17000, 10770, 10050, 25000, 23537, 27459, 26926, 29155, 27459, 30414, 31623, 25000, 20518, 24759, 31257, 28284, 23345, 37855, 28425, 43658, 32016, 29155, 49497, 46098, 47634, 44654, 53151, 47170, 52431, 54083, 51478, 52773, 39294, 39850, 37000, 51662, 42720, 46325, 38079, 31321, 50090, 42485, 44721, 40311, 65008, 60075, 55082, 65192, 55444, 65376, 60407, 65765, 40311, 35355, 30414, 40112, 45011, 35057, 30067, 40112, 35000, 64031, 61033, 40792, 61717, 35903, 5000, 57009, 36797, 44598, 58000, 60208, 53151, 33541, 30887, 27731, 47508, 25807, 30610, 22361, 12530, 21213, 18028, 26627, 12369, 23324, 19723, 34482, 21213, 13928, 14142, 18028], [29069, 11662, 17029, 0, 3606, 20396, 53339, 4123, 29411, 34015, 27166, 27000, 40311, 40447, 43081, 43417, 44944, 44407, 47381, 48270, 37216, 34540, 38013, 48094, 41593, 40112, 54452, 42544, 59666, 46098, 44272, 62129, 59540, 61294, 59093, 66370, 61847, 66641, 68447, 66483, 57245, 45804, 47011, 44688, 57454, 50448, 52154, 46690, 38949, 50961, 51624, 53759, 50249, 66483, 62298, 57585, 67676, 59093, 68352, 63695, 69462, 40804, 36056, 31385, 41437, 47539, 37162, 32650, 43829, 38013, 51088, 47381, 40025, 49204, 35171, 17464, 44045, 26000, 33121, 46325, 49649, 41049, 19105, 17205, 13601, 33242, 14560, 23087, 9487, 7810, 14142, 9220, 16763, 22825, 13342, 11000, 29000, 16125, 7211, 13038, 17464], [25612, 12042, 15524, 3606, 0, 18028, 50120, 4472, 26683, 32249, 25000, 25179, 39825, 39051, 42485, 42379, 44283, 42953, 45891, 47127, 34000, 31623, 34928, 46000, 38484, 38000, 52154, 39560, 57070, 43081, 41485, 58830, 56356, 58138, 56080, 63135, 58873, 63561, 65391, 63569, 53666, 42202, 43417, 41110, 53852, 46861, 48549, 43139, 35384, 47539, 48083, 50210, 46755, 63063, 58822, 54083, 64195, 55543, 64846, 60166, 65924, 37363, 32573, 27857, 37947, 44011, 33615, 29069, 40249, 34438, 50210, 46755, 36674, 48166, 31780, 15033, 43139, 24187, 31623, 45000, 48021, 39825, 18601, 16279, 12806, 32802, 12530, 20396, 7810, 4472, 11000, 6000, 20248, 19698, 16763, 14142, 26077, 19000, 9220, 14866, 19647], [15133, 14142, 5831, 20396, 18028, 0, 34713, 16763, 9434, 14866, 7071, 8062, 26249, 22361, 28284, 26627, 29732, 26000, 28792, 30887, 19209, 15000, 19105, 28018, 22672, 20025, 34132, 23022, 39294, 26627, 24166, 43863, 40608, 42202, 39446, 47634, 42059, 47170, 48877, 46519, 47381, 33734, 34205, 31321, 46098, 37000, 40792, 32311, 25710, 45398, 36674, 38910, 34482, 60033, 55000, 50000, 60033, 50160, 60133, 55145, 60407, 35903, 31048, 26249, 35511, 40050, 30414, 25495, 35000, 30150, 63514, 60902, 36688, 61033, 31953, 3000, 56604, 36056, 43829, 57009, 58728, 52431, 34482, 31623, 28862, 47927, 26000, 29069, 23537, 14036, 20591, 18682, 32016, 7000, 28601, 25000, 32016, 26907, 18868, 19849, 23854], [25298, 48836, 40311, 53339, 50120, 34713, 0, 50478, 25456, 30463, 30610, 33015, 43932, 33541, 43417, 38210, 43186, 33061, 33015, 38013, 16125, 19799, 15620, 24083, 12042, 24739, 21541, 12207, 17692, 8944, 13601, 9220, 6325, 8246, 8544, 13038, 11402, 14142, 16125, 16279, 31241, 21471, 19723, 18385, 27203, 18439, 24759, 15652, 20100, 38833, 14142, 15000, 11402, 46400, 41231, 37483, 44102, 34828, 43046, 38833, 41593, 36056, 34713, 34059, 34176, 32757, 31780, 31064, 28636, 29833, 79906, 79310, 38897, 76942, 37656, 37014, 74330, 56080, 62032, 72007, 71063, 69354, 60415, 57489, 56321, 70114, 51662, 48166, 52202, 45651, 45880, 47539, 66708, 30529, 63253, 59666, 46043, 61522, 53413, 54452, 58052], [26907, 7810, 13000, 4123, 4472, 16763, 50478, 0, 26000, 30000, 23345, 23022, 36249, 36346, 39000, 39294, 40853, 40311, 43290, 44147, 34409, 31305, 34986, 44181, 38588, 36222, 50636, 39357, 56045, 42942, 40853, 59405, 56604, 58310, 55902, 63514, 58600, 63530, 65299, 63159, 56462, 44418, 45486, 43012, 56356, 48826, 51000, 44822, 37202, 50990, 49679, 51856, 48104, 66491, 62097, 57280, 67446, 58523, 68007, 63246, 68949, 40792, 35903, 31048, 41231, 47127, 36688, 31953, 43081, 37336, 54489, 50931, 40311, 52498, 35355, 13928, 47424, 28653, 36056, 49406, 52479, 44204, 22672, 20518, 16971, 36878, 17000, 24739, 12207, 6325, 15133, 10198, 17493, 20000, 13892, 10770, 30265, 15133, 5000, 10440, 15297], [11662, 23431, 14866, 29411, 26683, 9434, 25456, 26000, 0, 11662, 6083, 9055, 26571, 19209, 27731, 24413, 28653, 21932, 24207, 27586, 10770, 5657, 10000, 20881, 13454, 13416, 26077, 13601, 30414, 17205, 14866, 34655, 31241, 32802, 30017, 38288, 32650, 37736, 39446, 37162, 42048, 28018, 28018, 25020, 40050, 30265, 35000, 25318, 20100, 42379, 29120, 31321, 26571, 55902, 50636, 45706, 55326, 45177, 55145, 50160, 55009, 34000, 29682, 25612, 33106, 36401, 28178, 23854, 31048, 27313, 67978, 65924, 35511, 65299, 31401, 12083, 61327, 40853, 48332, 60902, 61855, 56798, 41304, 38328, 36056, 53852, 32388, 33106, 31000, 22361, 26476, 26000, 41400, 8246, 38013, 34409, 34409, 36069, 28302, 29000, 32650], [23324, 24515, 17000, 34015, 32249, 14866, 30463, 30000, 11662, 0, 8062, 7071, 15297, 7810, 16155, 12806, 17000, 11180, 13928, 16401, 20100, 14142, 18000, 14560, 20224, 7211, 21541, 18682, 28302, 21541, 17000, 39357, 34986, 36056, 32016, 41881, 33971, 39699, 41037, 37537, 52612, 38639, 38328, 35355, 50160, 40050, 45398, 35057, 31048, 53852, 38053, 40112, 35128, 66940, 61612, 56754, 66098, 55902, 65765, 60828, 65376, 45651, 41340, 37202, 44721, 47760, 39825, 35511, 42379, 38910, 78032, 75591, 47170, 75472, 43012, 17720, 71197, 50606, 58310, 71281, 72622, 66888, 49336, 46487, 43681, 62769, 40853, 43267, 38328, 28636, 35341, 33526, 41785, 18439, 38897, 35440, 45343, 35341, 30414, 28792, 30887], [16763, 19235, 10770, 27166, 25000, 7071, 30610, 23345, 6083, 8062, 0, 3000, 21471, 15811, 23022, 20518, 24207, 19235, 21932, 24413, 16763, 11180, 15652, 21000, 18868, 13000, 27295, 18439, 32894, 21932, 18601, 39825, 36069, 37483, 34205, 43139, 36620, 42012, 43600, 40817, 48010, 34000, 34059, 31064, 46098, 36346, 41012, 31401, 26019, 47802, 35171, 37363, 32573, 61660, 56436, 51478, 61205, 51088, 61074, 56080, 61000, 39000, 34438, 30017, 38275, 41976, 33242, 28636, 36674, 32573, 69971, 67535, 40249, 67417, 35847, 10050, 63135, 42544, 50249, 63246, 64661, 58830, 41485, 38601, 35903, 54781, 32894, 35228, 30594, 21095, 27313, 25710, 37216, 10630, 34000, 30414, 37483, 31401, 24698, 24413, 27586], [19647, 18028, 10050, 27000, 25179, 8062, 33015, 23022, 9055, 7071, 3000, 0, 18868, 14318, 20616, 18601, 21932, 18028, 20881, 22825, 19647, 13928, 18385, 21213, 21471, 13342, 27893, 20809, 34015, 24207, 20518, 42202, 38288, 39623, 36125, 45343, 38419, 43932, 45453, 42438, 51010, 37000, 37054, 34059, 49092, 39319, 44011, 34366, 29017, 50695, 38079, 40262, 35440, 64630, 59414, 54452, 64195, 54083, 64070, 59076, 64000, 41785, 37162, 32650, 41110, 44911, 36056, 31385, 39623, 35440, 71561, 68964, 42953, 69065, 38471, 10770, 64661, 44102, 51865, 65000, 66603, 60465, 42379, 39560, 36688, 55946, 34015, 37014, 31321, 21587, 28653, 26571, 35777, 13038, 32696, 29155, 39623, 29682, 23770, 22825, 25612], [38079, 28792, 25000, 40311, 39825, 26249, 43932, 36249, 26571, 15297, 21471, 18868, 0, 10440, 3000, 7071, 5000, 12207, 14142, 11180, 35355, 29428, 33136, 21954, 35000, 19235, 28601, 33061, 36620, 35355, 30414, 52202, 47434, 48104, 43463, 53852, 44721, 50537, 51478, 47170, 67897, 53935, 53600, 50636, 65376, 55227, 60671, 50249, 46325, 68949, 53009, 55000, 50000, 82225, 76903, 72035, 81394, 71197, 81049, 76118, 80623, 60415, 55902, 51478, 59615, 62936, 54626, 50090, 57567, 53852, 89022, 86023, 61717, 86683, 57306, 28284, 82006, 61717, 69527, 82879, 84853, 78102, 58310, 55758, 52479, 72402, 50804, 55154, 47170, 37443, 46098, 43012, 42000, 31906, 40112, 37336, 58258, 35000, 34482, 30414, 30000], [30806, 30000, 23537, 40447, 39051, 22361, 33541, 36346, 19209, 7810, 15811, 14318, 10440, 0, 10000, 5385, 10198, 4000, 7000, 8602, 26249, 20616, 23770, 12042, 25179, 9000, 19105, 23022, 26907, 25080, 20100, 41761, 37000, 37696, 33106, 43463, 34482, 40311, 41340, 37202, 58694, 44922, 44385, 41485, 55902, 45706, 51420, 40792, 37696, 60836, 43186, 45100, 40112, 73376, 68007, 63246, 72277, 62097, 71805, 66940, 71197, 53000, 48826, 44822, 51971, 54626, 47170, 43012, 49244, 46141, 85755, 83241, 54644, 83217, 50606, 25080, 78892, 58310, 66038, 79057, 80430, 74626, 56648, 53852, 50922, 70264, 48332, 51039, 45541, 35735, 42942, 40853, 46098, 26249, 43566, 40311, 53151, 39294, 36000, 33377, 34482], [39357, 31623, 27459, 43081, 42485, 28284, 43417, 39000, 27731, 16155, 23022, 20616, 3000, 10000, 0, 5385, 2000, 10770, 12207, 8602, 35903, 30083, 33541, 20616, 35128, 19000, 26926, 33015, 34986, 35057, 30067, 51420, 46573, 47127, 42379, 52811, 43463, 49244, 50090, 45651, 68447, 54571, 54129, 51196, 65765, 55579, 61188, 50636, 47127, 70007, 53151, 55082, 50090, 82970, 77621, 72801, 82000, 71805, 81584, 76688, 81049, 61717, 57306, 53000, 60836, 63906, 55902, 51478, 58523, 55036, 91400, 88482, 63135, 89022, 58830, 30480, 84404, 64031, 71840, 85147, 87000, 80430, 60902, 58310, 55073, 74947, 53254, 57315, 49739, 39962, 48415, 45486, 45000, 33601, 43105, 40311, 60208, 38000, 37363, 33377, 33000], [36056, 32388, 26926, 43417, 42379, 26627, 38210, 39294, 24413, 12806, 20518, 18601, 7071, 5385, 5385, 0, 5000, 5385, 7071, 5000, 31623, 26000, 29120, 15232, 30414, 14142, 21633, 28160, 29682, 30000, 25000, 46098, 41231, 41761, 37000, 47434, 38079, 43863, 44721, 40311, 64031, 50289, 49729, 46840, 61188, 50990, 56754, 46098, 43081, 66212, 48374, 50249, 45277, 78746, 73376, 68622, 77621, 67446, 77130, 72277, 76485, 58310, 54083, 50000, 57306, 60008, 52479, 48260, 54626, 51478, 90139, 87464, 59908, 87658, 55803, 29155, 83217, 62682, 70456, 83600, 85147, 79057, 60415, 57697, 54626, 74243, 52355, 55606, 49244, 39395, 47170, 44721, 47265, 31113, 45044, 42000, 58000, 40311, 38328, 35000, 35355], [40311, 33526, 29155, 44944, 44283, 29732, 43186, 40853, 28653, 17000, 24207, 21932, 5000, 10198, 2000, 5000, 0, 10198, 11180, 7071, 36401, 30676, 33956, 19925, 35355, 19105, 25942, 33136, 34000, 35000, 30000, 50990, 46098, 46573, 41761, 52202, 42720, 48466, 49244, 44721, 68884, 55082, 54571, 51662, 66098, 55902, 61612, 50990, 47760, 70774, 53339, 55227, 50249, 83522, 78160, 73376, 82462, 72277, 82000, 77130, 81394, 62650, 58310, 54083, 61717, 64622, 56824, 52479, 59237, 55902, 93005, 90139, 64140, 90604, 59908, 32016, 86023, 65605, 73410, 86683, 88459, 82006, 62650, 60033, 56824, 76662, 54918, 58796, 51478, 41677, 50000, 47170, 47000, 34828, 45100, 42297, 61555, 40000, 39294, 35355, 35000], [33302, 34000, 27459, 44407, 42953, 26000, 33061, 40311, 21932, 11180, 19235, 18028, 12207, 4000, 10770, 5385, 10198, 0, 3000, 5831, 27731, 22472, 25080, 9849, 25962, 9849, 16401, 23537, 24413, 25080, 20100, 40792, 35903, 36401, 31623, 42059, 32696, 38484, 39357, 34986, 59775, 46239, 45541, 42720, 56754, 46573, 52498, 41761, 39357, 62650, 43738, 45541, 40608, 74673, 69289, 64622, 73376, 63246, 72801, 68007, 72035, 55218, 51225, 47424, 54083, 56356, 49406, 45453, 51000, 48260, 89185, 86770, 57009, 86608, 53151, 28792, 82365, 61774, 69462, 82377, 83600, 78032, 60407, 57585, 54708, 73926, 52000, 54378, 49336, 39560, 46519, 44598, 50010, 29411, 47518, 44283, 56223, 43174, 40000, 37336, 38328], [35355, 37000, 30414, 47381, 45891, 28792, 33015, 43290, 24207, 13928, 21932, 20881, 14142, 7000, 12207, 7071, 11180, 3000, 0, 5000, 29155, 24207, 26420, 9055, 26926, 11402, 14765, 24352, 22825, 25495, 20616, 40311, 35355, 35693, 30806, 41231, 31623, 37336, 38079, 33541, 60745, 47424, 46615, 43863, 57567, 47434, 53488, 42720, 40817, 64140, 44385, 46098, 41231, 75769, 70385, 65795, 74330, 64257, 73682, 68949, 72801, 57009, 53151, 49497, 55803, 57801, 51225, 47424, 52479, 50000, 91788, 89443, 58898, 89185, 55172, 31623, 85000, 64413, 72069, 84906, 86023, 80623, 63246, 60407, 57567, 76694, 54781, 56939, 52202, 42450, 49244, 47434, 52953, 31906, 50488, 47265, 58600, 46098, 43000, 40311, 41231], [39051, 37336, 31623, 48270, 47127, 30887, 38013, 44147, 27586, 16401, 24413, 22825, 11180, 8602, 8602, 5000, 7071, 5831, 5000, 0, 33541, 28302, 30871, 14036, 31623, 15652, 19313, 29120, 27313, 30414, 25495, 45277, 40311, 40608, 35693, 46098, 36401, 42059, 42720, 38079, 65460, 52000, 51264, 48466, 62362, 52202, 58189, 47434, 45177, 68476, 49244, 50990, 46098, 80411, 75027, 70385, 79057, 68949, 78447, 73682, 77621, 61033, 57009, 53151, 59908, 62177, 55218, 51225, 56824, 54083, 94340, 91788, 62801, 91810, 58898, 33541, 87464, 66888, 74626, 87658, 89022, 83217, 65000, 62241, 59237, 78721, 56798, 59641, 53852, 44011, 51478, 49244, 52240, 34828, 50040, 47000, 61717, 45277, 43290, 40000, 40311], [10000, 33302, 25000, 37216, 34000, 19209, 16125, 34409, 10770, 20100, 16763, 19647, 35355, 26249, 35903, 31623, 36401, 27731, 29155, 33541, 0, 6000, 2828, 22627, 5000, 17889, 25060, 7280, 26476, 10000, 11180, 25000, 22361, 24166, 22561, 29155, 25495, 29732, 31623, 30414, 32558, 18682, 18248, 15297, 30067, 20000, 25318, 15000, 11662, 34986, 18439, 20616, 15811, 47127, 41761, 37000, 46098, 35903, 45706, 40792, 45277, 28284, 25000, 22361, 26907, 28653, 22672, 19723, 23324, 21213, 68007, 66708, 30480, 65146, 27459, 21213, 61847, 42297, 49031, 60407, 60415, 57009, 45277, 42297, 40792, 56143, 36346, 34234, 36401, 29530, 30414, 31623, 50931, 14422, 47424, 43863, 33526, 46098, 37537, 39051, 43012], [11662, 29069, 20518, 34540, 31623, 15000, 19799, 31305, 5657, 14142, 11180, 13928, 29428, 20616, 30083, 26000, 30676, 22472, 24207, 28302, 6000, 0, 4472, 18868, 7810, 12806, 22804, 8062, 26019, 11662, 10050, 29000, 25612, 27203, 24597, 32650, 27313, 32249, 34000, 31953, 38471, 24515, 24187, 21213, 36056, 26000, 31257, 21000, 17088, 40249, 24331, 26476, 21587, 52887, 47539, 42720, 51971, 41773, 51624, 46690, 51245, 32802, 29000, 25612, 31623, 34015, 27019, 23345, 28636, 25807, 70007, 68308, 34713, 67231, 31145, 17493, 63569, 43417, 50596, 62650, 63135, 58873, 45011, 42012, 40050, 56886, 36014, 35440, 35228, 27203, 30017, 30265, 47011, 12166, 43600, 40000, 35777, 41725, 33838, 34655, 38288], [12166, 33242, 24759, 38013, 34928, 19105, 15620, 34986, 10000, 18000, 15652, 18385, 33136, 23770, 33541, 29120, 33956, 25080, 26420, 30871, 2828, 4472, 0, 19799, 3606, 15232, 22361, 5000, 24187, 8246, 8544, 24759, 21633, 23324, 21190, 28601, 24042, 28636, 30463, 28862, 34928, 21190, 20616, 17720, 32249, 22091, 27659, 17117, 14422, 37736, 20100, 22204, 17263, 49649, 44272, 39560, 48508, 38328, 48052, 43174, 47518, 31113, 27803, 25060, 29732, 31385, 25495, 22472, 26077, 24042, 70520, 69123, 33302, 67676, 30232, 21401, 64288, 44553, 51420, 62968, 63071, 59481, 47096, 44102, 42426, 58310, 38118, 36497, 37855, 30463, 32140, 32985, 51088, 15232, 47634, 44045, 36056, 45967, 37802, 38897, 42638], [30529, 39051, 31257, 48094, 46000, 28018, 24083, 44181, 20881, 14560, 21000, 21213, 21954, 12042, 20616, 15232, 19925, 9849, 9055, 14036, 22627, 18868, 19799, 0, 19416, 8000, 7211, 16643, 14866, 17088, 12530, 31257, 26306, 26683, 21840, 32280, 22847, 28636, 29530, 25239, 52802, 39962, 38949, 36359, 49396, 39395, 45618, 34886, 34059, 57201, 36056, 37643, 32894, 67978, 62610, 58181, 66310, 56365, 65552, 60926, 64514, 50912, 47508, 44407, 49518, 50804, 45277, 42012, 45607, 43841, 88640, 86729, 53075, 85907, 49820, 31016, 82079, 61685, 69080, 81394, 81988, 77473, 61984, 59034, 56569, 74726, 53151, 53852, 51352, 42048, 47297, 46390, 56303, 29120, 53451, 50000, 54589, 49769, 44911, 43324, 45188], [15000, 36797, 28284, 41593, 38484, 22672, 12042, 38588, 13454, 20224, 18868, 21471, 35000, 25179, 35128, 30414, 35355, 25962, 26926, 31623, 5000, 7810, 3606, 19416, 0, 16279, 20809, 2828, 21587, 5000, 7071, 21213, 18028, 19723, 17720, 25000, 20616, 25080, 26926, 25495, 33838, 20591, 19698, 17000, 30806, 20616, 26571, 15811, 14866, 37802, 18028, 20000, 15000, 48847, 43463, 38910, 47434, 37336, 46840, 42059, 46098, 32016, 29155, 26926, 30480, 31401, 26627, 24166, 26249, 25000, 72801, 71589, 34409, 69921, 31765, 25000, 66708, 47265, 53935, 65146, 65000, 61847, 50249, 47265, 45706, 61131, 41304, 39205, 41231, 34015, 35355, 36401, 54672, 18788, 51225, 47634, 38328, 49497, 41400, 42426, 46098], [24083, 31321, 23345, 40112, 38000, 20025, 24739, 36222, 13416, 7211, 13000, 13342, 19235, 9000, 19000, 14142, 19105, 9849, 11402, 15652, 17889, 12806, 15232, 8000, 16279, 0, 14560, 14036, 21095, 16125, 11180, 33242, 28636, 29530, 25239, 35355, 27019, 32802, 34059, 30414, 50000, 36401, 35735, 32894, 47074, 36878, 42720, 32016, 29530, 52839, 34234, 36125, 31145, 64846, 59464, 54781, 63600, 53451, 63063, 58241, 62370, 45607, 41773, 38210, 44407, 46530, 39825, 36069, 41183, 38601, 81394, 79310, 47508, 78715, 43841, 23022, 74733, 54231, 61741, 74303, 75166, 70214, 54129, 51196, 48662, 67052, 45354, 46519, 43417, 34059, 39560, 38471, 48847, 21541, 45880, 42379, 47707, 42485, 37108, 35847, 38079], [34176, 45880, 37855, 54452, 52154, 34132, 21541, 50636, 26077, 21541, 27295, 27893, 28601, 19105, 26926, 21633, 25942, 16401, 14765, 19313, 25060, 22804, 22361, 7211, 20809, 14560, 0, 18028, 8062, 16971, 13892, 27074, 22091, 22000, 17000, 27166, 17263, 22804, 23409, 18788, 52154, 40361, 39051, 36797, 48374, 38833, 45222, 34828, 35609, 58000, 34986, 36235, 31906, 67417, 62129, 58009, 65368, 55758, 64413, 60033, 63071, 52802, 49930, 47413, 51225, 51624, 47434, 44777, 46690, 45804, 92698, 91093, 55218, 89889, 52479, 37121, 86331, 66219, 73376, 85235, 85428, 81597, 67365, 64382, 62129, 79624, 58421, 58241, 57035, 48042, 52469, 52038, 63325, 34234, 60407, 56921, 58310, 56859, 51662, 50329, 52326], [17117, 37014, 28425, 42544, 39560, 23022, 12207, 39357, 13601, 18682, 18439, 20809, 33061, 23022, 33015, 28160, 33136, 23537, 24352, 29120, 7280, 8062, 5000, 16643, 2828, 14036, 18028, 0, 19235, 3606, 4243, 21401, 17692, 19209, 16553, 24759, 19313, 24187, 25942, 24042, 36401, 23324, 22361, 19723, 33242, 23087, 29155, 18385, 17692, 40608, 20224, 22091, 17117, 51478, 46098, 41593, 49980, 39925, 49336, 44598, 48508, 34828, 31906, 29547, 33302, 34205, 29411, 26833, 29069, 27803, 75286, 73980, 37202, 72422, 34482, 25554, 69123, 49497, 56294, 67676, 67624, 64288, 52086, 49092, 47381, 63285, 43105, 41437, 42755, 35114, 37121, 37855, 55000, 19925, 51614, 48010, 40804, 49578, 41881, 42521, 45967], [36346, 52000, 43658, 59666, 57070, 39294, 17692, 56045, 30414, 28302, 32894, 34015, 36620, 26907, 34986, 29682, 34000, 24413, 22825, 27313, 26476, 26019, 24187, 14866, 21587, 21095, 8062, 19235, 0, 16763, 16000, 20881, 16155, 15524, 10770, 20025, 10050, 15133, 15524, 10770, 48918, 38601, 37014, 35228, 44822, 36069, 42426, 32802, 35341, 56223, 31828, 32650, 29000, 64031, 58898, 55172, 61612, 52498, 60465, 56400, 58830, 52355, 50160, 48384, 50606, 50000, 47424, 45541, 45486, 45618, 94372, 93172, 55009, 91482, 52924, 42202, 88295, 68731, 75505, 86683, 86377, 83433, 71000, 68000, 66068, 82492, 62000, 60671, 61205, 52773, 56000, 56223, 69778, 38118, 66708, 63159, 59908, 63530, 57585, 56798, 59169], [20000, 40608, 32016, 46098, 43081, 26627, 8944, 42942, 17205, 21541, 21932, 24207, 35355, 25080, 35057, 30000, 35000, 25080, 25495, 30414, 10000, 11662, 8246, 17088, 5000, 16125, 16971, 3606, 16763, 0, 5000, 18028, 14142, 15620, 13000, 21213, 15811, 20591, 22361, 20616, 35777, 23431, 22204, 19849, 32311, 22361, 28653, 18028, 18868, 41037, 18974, 20616, 15811, 51000, 45651, 41340, 49244, 39357, 48466, 43863, 47434, 36056, 33541, 31623, 34409, 34655, 30887, 28792, 29732, 29155, 77621, 76485, 38588, 74726, 36249, 29155, 71589, 52240, 58856, 69921, 69642, 66708, 55227, 52240, 50636, 66121, 46271, 44181, 46098, 38626, 40311, 41231, 58600, 23409, 55218, 51614, 43174, 53151, 45486, 46098, 49497], [20616, 37736, 29155, 44272, 41485, 24166, 13601, 40853, 14866, 17000, 18601, 20518, 30414, 20100, 30067, 25000, 30000, 20100, 20616, 25495, 11180, 10050, 8544, 12530, 7071, 11180, 13892, 4243, 16000, 5000, 0, 22361, 18028, 19209, 15620, 25000, 18028, 23431, 25000, 22361, 40311, 27459, 26420, 23854, 37000, 26926, 33106, 22361, 21932, 44822, 23770, 25495, 20616, 55462, 50090, 45651, 53852, 43863, 53141, 48466, 52202, 39051, 36056, 33541, 37537, 38419, 33601, 30887, 33302, 32016, 79057, 77621, 41400, 76217, 38588, 26926, 72801, 52953, 59908, 71512, 71589, 68007, 55000, 52000, 50090, 66611, 46000, 44911, 45277, 37108, 40000, 40311, 55758, 22204, 52479, 48877, 44598, 50000, 42942, 43012, 46098], [33541, 58000, 49497, 62129, 58830, 43863, 9220, 59405, 34655, 39357, 39825, 42202, 52202, 41761, 51420, 46098, 50990, 40792, 40311, 45277, 25000, 29000, 24759, 31257, 21213, 33242, 27074, 21401, 20881, 18028, 22361, 0, 5000, 5385, 10198, 5000, 11180, 9434, 11180, 14142, 31064, 25179, 23195, 23000, 26627, 20616, 26000, 20000, 26476, 40853, 16279, 15811, 15000, 45343, 40608, 37736, 42426, 34409, 41037, 37537, 39051, 40311, 40000, 40311, 38328, 35440, 37000, 37336, 32388, 35000, 85147, 85000, 43290, 82152, 43000, 46098, 80000, 62801, 68184, 77162, 75664, 75000, 68007, 65146, 64257, 76792, 59464, 55109, 60415, 54378, 53852, 55902, 75822, 39408, 72346, 68768, 52240, 70711, 62482, 63640, 67268], [31623, 54672, 46098, 59540, 56356, 40608, 6325, 56604, 31241, 34986, 36069, 38288, 47434, 37000, 46573, 41231, 46098, 35903, 35355, 40311, 22361, 25612, 21633, 26306, 18028, 28636, 22091, 17692, 16155, 14142, 18028, 5000, 0, 2000, 5385, 7071, 7071, 8000, 10000, 11180, 34059, 26249, 24352, 23537, 29732, 22361, 28302, 20616, 26000, 42942, 17889, 18028, 15811, 48795, 43863, 40608, 46098, 37537, 44822, 41037, 43012, 41231, 40311, 40000, 39294, 37162, 37336, 37000, 33526, 35355, 85586, 85147, 44147, 82608, 43290, 43012, 80156, 62201, 68000, 77647, 76485, 75166, 66708, 63789, 62642, 76236, 57974, 54332, 58523, 51884, 52202, 53852, 72622, 36715, 69203, 65605, 52000, 67268, 59405, 60208, 6