{"meta": {"NAME": "R111", "VEHICLES": 25, "CAPACITY": 200, "JOBS": 100, "TIME WINDOW": [-18541, 246932]}, "vehicles": [{"id": 0, "start": [35.0, 35.0], "start_index": 0, "end": [35.0, 35.0], "end_index": 0, "capacity": [200], "time_window": [0, 230000]}, {"id": 1, "start": [35.0, 35.0], "start_index": 0, "end": [35.0, 35.0], "end_index": 0, "capacity": [200], "time_window": [0, 230000]}, {"id": 2, "start": [35.0, 35.0], "start_index": 0, "end": [35.0, 35.0], "end_index": 0, "capacity": [200], "time_window": [0, 230000]}, {"id": 3, "start": [35.0, 35.0], "start_index": 0, "end": [35.0, 35.0], "end_index": 0, "capacity": [200], "time_window": [0, 230000]}, {"id": 4, "start": [35.0, 35.0], "start_index": 0, "end": [35.0, 35.0], "end_index": 0, "capacity": [200], "time_window": [0, 230000]}, {"id": 5, "start": [35.0, 35.0], "start_index": 0, "end": [35.0, 35.0], "end_index": 0, "capacity": [200], "time_window": [0, 230000]}, {"id": 6, "start": [35.0, 35.0], "start_index": 0, "end": [35.0, 35.0], "end_index": 0, "capacity": [200], "time_window": [0, 230000]}, {"id": 7, "start": [35.0, 35.0], "start_index": 0, "end": [35.0, 35.0], "end_index": 0, "capacity": [200], "time_window": [0, 230000]}, {"id": 8, "start": [35.0, 35.0], "start_index": 0, "end": [35.0, 35.0], "end_index": 0, "capacity": [200], "time_window": [0, 230000]}, {"id": 9, "start": [35.0, 35.0], "start_index": 0, "end": [35.0, 35.0], "end_index": 0, "capacity": [200], "time_window": [0, 230000]}, {"id": 10, "start": [35.0, 35.0], "start_index": 0, "end": [35.0, 35.0], "end_index": 0, "capacity": [200], "time_window": [0, 230000]}, {"id": 11, "start": [35.0, 35.0], "start_index": 0, "end": [35.0, 35.0], "end_index": 0, "capacity": [200], "time_window": [0, 230000]}, {"id": 12, "start": [35.0, 35.0], "start_index": 0, "end": [35.0, 35.0], "end_index": 0, "capacity": [200], "time_window": [0, 230000]}, {"id": 13, "start": [35.0, 35.0], "start_index": 0, "end": [35.0, 35.0], "end_index": 0, "capacity": [200], "time_window": [0, 230000]}, {"id": 14, "start": [35.0, 35.0], "start_index": 0, "end": [35.0, 35.0], "end_index": 0, "capacity": [200], "time_window": [0, 230000]}, {"id": 15, "start": [35.0, 35.0], "start_index": 0, "end": [35.0, 35.0], "end_index": 0, "capacity": [200], "time_window": [0, 230000]}, {"id": 16, "start": [35.0, 35.0], "start_index": 0, "end": [35.0, 35.0], "end_index": 0, "capacity": [200], "time_window": [0, 230000]}, {"id": 17, "start": [35.0, 35.0], "start_index": 0, "end": [35.0, 35.0], "end_index": 0, "capacity": [200], "time_window": [0, 230000]}, {"id": 18, "start": [35.0, 35.0], "start_index": 0, "end": [35.0, 35.0], "end_index": 0, "capacity": [200], "time_window": [0, 230000]}, {"id": 19, "start": [35.0, 35.0], "start_index": 0, "end": [35.0, 35.0], "end_index": 0, "capacity": [200], "time_window": [0, 230000]}, {"id": 20, "start": [35.0, 35.0], "start_index": 0, "end": [35.0, 35.0], "end_index": 0, "capacity": [200], "time_window": [0, 230000]}, {"id": 21, "start": [35.0, 35.0], "start_index": 0, "end": [35.0, 35.0], "end_index": 0, "capacity": [200], "time_window": [0, 230000]}, {"id": 22, "start": [35.0, 35.0], "start_index": 0, "end": [35.0, 35.0], "end_index": 0, "capacity": [200], "time_window": [0, 230000]}, {"id": 23, "start": [35.0, 35.0], "start_index": 0, "end": [35.0, 35.0], "end_index": 0, "capacity": [200], "time_window": [0, 230000]}, {"id": 24, "start": [35.0, 35.0], "start_index": 0, "end": [35.0, 35.0], "end_index": 0, "capacity": [200], "time_window": [0, 230000]}], "jobs": [{"id": 1, "location": [41.0, 49.0], "location_index": 1, "delivery": [10], "time_windows": [[15000, 204000]], "service": 10000}, {"id": 2, "location": [35.0, 17.0], "location_index": 2, "delivery": [7], "time_windows": [[18000, 202000]], "service": 10000}, {"id": 3, "location": [55.0, 45.0], "location_index": 3, "delivery": [13], "time_windows": [[54000, 187000]], "service": 10000}, {"id": 4, "location": [55.0, 20.0], "location_index": 4, "delivery": [19], "time_windows": [[138000, 169000]], "service": 10000}, {"id": 5, "location": [15.0, 30.0], "location_index": 5, "delivery": [26], "time_windows": [[20000, 199000]], "service": 10000}, {"id": 6, "location": [25.0, 30.0], "location_index": 6, "delivery": [3], "time_windows": [[76000, 131000]], "service": 10000}, {"id": 7, "location": [20.0, 50.0], "location_index": 7, "delivery": [5], "time_windows": [[21000, 170000]], "service": 10000}, {"id": 8, "location": [10.0, 43.0], "location_index": 8, "delivery": [9], "time_windows": [[87000, 112000]], "service": 10000}, {"id": 9, "location": [55.0, 60.0], "location_index": 9, "delivery": [16], "time_windows": [[88000, 115000]], "service": 10000}, {"id": 10, "location": [30.0, 60.0], "location_index": 10, "delivery": [16], "time_windows": [[107000, 150000]], "service": 10000}, {"id": 11, "location": [20.0, 65.0], "location_index": 11, "delivery": [12], "time_windows": [[57000, 86000]], "service": 10000}, {"id": 12, "location": [50.0, 35.0], "location_index": 12, "delivery": [19], "time_windows": [[15000, 192000]], "service": 10000}, {"id": 13, "location": [30.0, 25.0], "location_index": 13, "delivery": [23], "time_windows": [[147000, 180000]], "service": 10000}, {"id": 14, "location": [15.0, 10.0], "location_index": 14, "delivery": [20], "time_windows": [[32000, 187000]], "service": 10000}, {"id": 15, "location": [30.0, 5.0], "location_index": 15, "delivery": [8], "time_windows": [[50000, 81000]], "service": 10000}, {"id": 16, "location": [10.0, 20.0], "location_index": 16, "delivery": [19], "time_windows": [[29000, 139000]], "service": 10000}, {"id": 17, "location": [5.0, 30.0], "location_index": 17, "delivery": [2], "time_windows": [[124000, 189000]], "service": 10000}, {"id": 18, "location": [20.0, 40.0], "location_index": 18, "delivery": [12], "time_windows": [[47000, 136000]], "service": 10000}, {"id": 19, "location": [15.0, 60.0], "location_index": 19, "delivery": [17], "time_windows": [[32000, 146000]], "service": 10000}, {"id": 20, "location": [45.0, 65.0], "location_index": 20, "delivery": [9], "time_windows": [[79000, 182000]], "service": 10000}, {"id": 21, "location": [45.0, 20.0], "location_index": 21, "delivery": [11], "time_windows": [[18000, 195000]], "service": 10000}, {"id": 22, "location": [45.0, 10.0], "location_index": 22, "delivery": [18], "time_windows": [[76000, 127000]], "service": 10000}, {"id": 23, "location": [55.0, 5.0], "location_index": 23, "delivery": [29], "time_windows": [[58000, 87000]], "service": 10000}, {"id": 24, "location": [65.0, 35.0], "location_index": 24, "delivery": [3], "time_windows": [[58000, 190000]], "service": 10000}, {"id": 25, "location": [65.0, 20.0], "location_index": 25, "delivery": [6], "time_windows": [[153000, 186000]], "service": 10000}, {"id": 26, "location": [45.0, 30.0], "location_index": 26, "delivery": [17], "time_windows": [[58000, 208000]], "service": 10000}, {"id": 27, "location": [35.0, 40.0], "location_index": 27, "delivery": [16], "time_windows": [[8000, 75000]], "service": 10000}, {"id": 28, "location": [41.0, 37.0], "location_index": 28, "delivery": [16], "time_windows": [[6000, 136000]], "service": 10000}, {"id": 29, "location": [64.0, 42.0], "location_index": 29, "delivery": [9], "time_windows": [[29000, 150000]], "service": 10000}, {"id": 30, "location": [40.0, 60.0], "location_index": 30, "delivery": [21], "time_windows": [[49000, 102000]], "service": 10000}, {"id": 31, "location": [31.0, 52.0], "location_index": 31, "delivery": [27], "time_windows": [[17000, 198000]], "service": 10000}, {"id": 32, "location": [35.0, 69.0], "location_index": 32, "delivery": [23], "time_windows": [[67000, 186000]], "service": 10000}, {"id": 33, "location": [53.0, 52.0], "location_index": 33, "delivery": [11], "time_windows": [[24000, 92000]], "service": 10000}, {"id": 34, "location": [65.0, 55.0], "location_index": 34, "delivery": [14], "time_windows": [[36000, 183000]], "service": 10000}, {"id": 35, "location": [63.0, 65.0], "location_index": 35, "delivery": [8], "time_windows": [[116000, 178000]], "service": 10000}, {"id": 36, "location": [2.0, 60.0], "location_index": 36, "delivery": [5], "time_windows": [[41000, 112000]], "service": 10000}, {"id": 37, "location": [20.0, 20.0], "location_index": 37, "delivery": [8], "time_windows": [[42000, 198000]], "service": 10000}, {"id": 38, "location": [5.0, 5.0], "location_index": 38, "delivery": [16], "time_windows": [[74000, 101000]], "service": 10000}, {"id": 39, "location": [60.0, 12.0], "location_index": 39, "delivery": [31], "time_windows": [[33000, 110000]], "service": 10000}, {"id": 40, "location": [40.0, 25.0], "location_index": 40, "delivery": [9], "time_windows": [[65000, 114000]], "service": 10000}, {"id": 41, "location": [42.0, 7.0], "location_index": 41, "delivery": [5], "time_windows": [[72000, 131000]], "service": 10000}, {"id": 42, "location": [24.0, 12.0], "location_index": 42, "delivery": [5], "time_windows": [[25000, 91000]], "service": 10000}, {"id": 43, "location": [23.0, 3.0], "location_index": 43, "delivery": [7], "time_windows": [[82000, 185000]], "service": 10000}, {"id": 44, "location": [11.0, 14.0], "location_index": 44, "delivery": [18], "time_windows": [[59000, 88000]], "service": 10000}, {"id": 45, "location": [6.0, 38.0], "location_index": 45, "delivery": [16], "time_windows": [[29000, 99000]], "service": 10000}, {"id": 46, "location": [2.0, 48.0], "location_index": 46, "delivery": [1], "time_windows": [[63000, 180000]], "service": 10000}, {"id": 47, "location": [8.0, 56.0], "location_index": 47, "delivery": [27], "time_windows": [[34000, 176000]], "service": 10000}, {"id": 48, "location": [13.0, 52.0], "location_index": 48, "delivery": [36], "time_windows": [[27000, 192000]], "service": 10000}, {"id": 49, "location": [6.0, 68.0], "location_index": 49, "delivery": [30], "time_windows": [[93000, 132000]], "service": 10000}, {"id": 50, "location": [47.0, 47.0], "location_index": 50, "delivery": [13], "time_windows": [[41000, 203000]], "service": 10000}, {"id": 51, "location": [49.0, 58.0], "location_index": 51, "delivery": [10], "time_windows": [[36000, 149000]], "service": 10000}, {"id": 52, "location": [27.0, 43.0], "location_index": 52, "delivery": [9], "time_windows": [[11000, 195000]], "service": 10000}, {"id": 53, "location": [37.0, 31.0], "location_index": 53, "delivery": [14], "time_windows": [[87000, 112000]], "service": 10000}, {"id": 54, "location": [57.0, 29.0], "location_index": 54, "delivery": [18], "time_windows": [[90000, 197000]], "service": 10000}, {"id": 55, "location": [63.0, 23.0], "location_index": 55, "delivery": [2], "time_windows": [[126000, 155000]], "service": 10000}, {"id": 56, "location": [53.0, 12.0], "location_index": 56, "delivery": [6], "time_windows": [[106000, 163000]], "service": 10000}, {"id": 57, "location": [32.0, 12.0], "location_index": 57, "delivery": [7], "time_windows": [[48000, 163000]], "service": 10000}, {"id": 58, "location": [36.0, 26.0], "location_index": 58, "delivery": [18], "time_windows": [[178000, 210000]], "service": 10000}, {"id": 59, "location": [21.0, 24.0], "location_index": 59, "delivery": [28], "time_windows": [[17000, 202000]], "service": 10000}, {"id": 60, "location": [17.0, 34.0], "location_index": 60, "delivery": [3], "time_windows": [[70000, 201000]], "service": 10000}, {"id": 61, "location": [12.0, 24.0], "location_index": 61, "delivery": [13], "time_windows": [[29000, 132000]], "service": 10000}, {"id": 62, "location": [24.0, 58.0], "location_index": 62, "delivery": [19], "time_windows": [[46000, 79000]], "service": 10000}, {"id": 63, "location": [27.0, 69.0], "location_index": 63, "delivery": [10], "time_windows": [[34000, 172000]], "service": 10000}, {"id": 64, "location": [15.0, 77.0], "location_index": 64, "delivery": [9], "time_windows": [[48000, 107000]], "service": 10000}, {"id": 65, "location": [62.0, 77.0], "location_index": 65, "delivery": [20], "time_windows": [[49000, 113000]], "service": 10000}, {"id": 66, "location": [49.0, 73.0], "location_index": 66, "delivery": [25], "time_windows": [[104000, 159000]], "service": 10000}, {"id": 67, "location": [67.0, 5.0], "location_index": 67, "delivery": [25], "time_windows": [[73000, 102000]], "service": 10000}, {"id": 68, "location": [56.0, 39.0], "location_index": 68, "delivery": [36], "time_windows": [[117000, 176000]], "service": 10000}, {"id": 69, "location": [37.0, 47.0], "location_index": 69, "delivery": [6], "time_windows": [[39000, 70000]], "service": 10000}, {"id": 70, "location": [37.0, 56.0], "location_index": 70, "delivery": [5], "time_windows": [[123000, 198000]], "service": 10000}, {"id": 71, "location": [57.0, 68.0], "location_index": 71, "delivery": [15], "time_windows": [[39000, 148000]], "service": 10000}, {"id": 72, "location": [47.0, 16.0], "location_index": 72, "delivery": [25], "time_windows": [[22000, 197000]], "service": 10000}, {"id": 73, "location": [44.0, 17.0], "location_index": 73, "delivery": [9], "time_windows": [[30000, 135000]], "service": 10000}, {"id": 74, "location": [46.0, 13.0], "location_index": 74, "delivery": [8], "time_windows": [[138000, 169000]], "service": 10000}, {"id": 75, "location": [49.0, 11.0], "location_index": 75, "delivery": [18], "time_windows": [[27000, 192000]], "service": 10000}, {"id": 76, "location": [49.0, 42.0], "location_index": 76, "delivery": [13], "time_windows": [[65000, 90000]], "service": 10000}, {"id": 77, "location": [53.0, 43.0], "location_index": 77, "delivery": [14], "time_windows": [[168000, 199000]], "service": 10000}, {"id": 78, "location": [61.0, 52.0], "location_index": 78, "delivery": [3], "time_windows": [[71000, 130000]], "service": 10000}, {"id": 79, "location": [57.0, 48.0], "location_index": 79, "delivery": [23], "time_windows": [[84000, 109000]], "service": 10000}, {"id": 80, "location": [56.0, 37.0], "location_index": 80, "delivery": [6], "time_windows": [[135000, 198000]], "service": 10000}, {"id": 81, "location": [55.0, 54.0], "location_index": 81, "delivery": [26], "time_windows": [[57000, 140000]], "service": 10000}, {"id": 82, "location": [15.0, 47.0], "location_index": 82, "delivery": [16], "time_windows": [[23000, 196000]], "service": 10000}, {"id": 83, "location": [14.0, 37.0], "location_index": 83, "delivery": [11], "time_windows": [[21000, 198000]], "service": 10000}, {"id": 84, "location": [11.0, 31.0], "location_index": 84, "delivery": [7], "time_windows": [[93000, 118000]], "service": 10000}, {"id": 85, "location": [16.0, 22.0], "location_index": 85, "delivery": [41], "time_windows": [[23000, 177000]], "service": 10000}, {"id": 86, "location": [4.0, 18.0], "location_index": 86, "delivery": [35], "time_windows": [[49000, 148000]], "service": 10000}, {"id": 87, "location": [28.0, 18.0], "location_index": 87, "delivery": [26], "time_windows": [[88000, 107000]], "service": 10000}, {"id": 88, "location": [26.0, 52.0], "location_index": 88, "delivery": [9], "time_windows": [[50000, 107000]], "service": 10000}, {"id": 89, "location": [26.0, 35.0], "location_index": 89, "delivery": [15], "time_windows": [[68000, 211000]], "service": 10000}, {"id": 90, "location": [31.0, 67.0], "location_index": 90, "delivery": [3], "time_windows": [[46000, 153000]], "service": 10000}, {"id": 91, "location": [15.0, 19.0], "location_index": 91, "delivery": [1], "time_windows": [[25000, 194000]], "service": 10000}, {"id": 92, "location": [22.0, 22.0], "location_index": 92, "delivery": [2], "time_windows": [[18000, 53000]], "service": 10000}, {"id": 93, "location": [18.0, 24.0], "location_index": 93, "delivery": [22], "time_windows": [[129000, 199000]], "service": 10000}, {"id": 94, "location": [26.0, 27.0], "location_index": 94, "delivery": [27], "time_windows": [[35000, 174000]], "service": 10000}, {"id": 95, "location": [25.0, 24.0], "location_index": 95, "delivery": [20], "time_windows": [[14000, 205000]], "service": 10000}, {"id": 96, "location": [22.0, 27.0], "location_index": 96, "delivery": [11], "time_windows": [[51000, 204000]], "service": 10000}, {"id": 97, "location": [25.0, 21.0], "location_index": 97, "delivery": [12], "time_windows": [[92000, 183000]], "service": 10000}, {"id": 98, "location": [19.0, 21.0], "location_index": 98, "delivery": [10], "time_windows": [[21000, 198000]], "service": 10000}, {"id": 99, "location": [20.0, 26.0], "location_index": 99, "delivery": [9], "time_windows": [[74000, 101000]], "service": 10000}, {"id": 100, "location": [18.0, 18.0], "location_index": 100, "delivery": [17], "time_windows": [[159000, 195000]], "service": 10000}], "matrices": {"car": {"durations": [[0, 15232, 18000, 22361, 25000, 20616, 11180, 21213, 26249, 32016, 25495, 33541, 15000, 11180, 32016, 30414, 29155, 30414, 15811, 32016, 31623, 18028, 26926, 36056, 30000, 33541, 11180, 5000, 6325, 29833, 25495, 17464, 34000, 24759, 36056, 41037, 41400, 21213, 42426, 33971, 11180, 28862, 25495, 34176, 31890, 29155, 35468, 34205, 27803, 43932, 16971, 26926, 11314, 4472, 22804, 30463, 29206, 23195, 9055, 17804, 18028, 25495, 25495, 34928, 46519, 49930, 40497, 43863, 21378, 12166, 21095, 39661, 22472, 20125, 24597, 27785, 15652, 19698, 31064, 25554, 21095, 27586, 23324, 21095, 24331, 23022, 35355, 18385, 19235, 9000, 32249, 25612, 18385, 20248, 12042, 14866, 15264, 17205, 21260, 17493, 24042], [15232, 0, 32558, 14560, 32202, 32202, 24839, 21024, 31575, 17804, 15556, 26401, 16643, 26401, 46872, 45354, 42450, 40706, 22847, 28231, 16492, 29275, 39205, 46174, 27785, 37643, 19416, 10817, 12000, 24042, 11045, 10440, 20881, 12369, 24739, 27203, 40522, 35805, 56851, 41593, 24021, 42012, 40719, 49396, 46098, 36688, 39013, 33734, 28160, 39825, 6325, 12042, 15232, 18439, 25612, 34059, 38897, 38079, 23537, 32016, 28302, 38288, 19235, 24413, 38210, 35000, 25298, 51108, 18028, 4472, 8062, 24839, 33541, 32140, 36346, 38833, 10630, 13416, 20224, 16031, 19209, 14866, 26077, 29547, 34986, 36797, 48270, 33615, 15297, 20518, 20591, 39699, 33015, 33971, 26627, 29682, 29069, 32249, 35609, 31145, 38601], [18000, 32558, 0, 34409, 20224, 23854, 16401, 36249, 36069, 47424, 43290, 50289, 23431, 9434, 21190, 13000, 25179, 32696, 27459, 47424, 49031, 10440, 12207, 23324, 34986, 30150, 16401, 23000, 20881, 38288, 43290, 35228, 52000, 39357, 48415, 55570, 54203, 15297, 32311, 25495, 9434, 12207, 12083, 18439, 24187, 35805, 45277, 47434, 41340, 58669, 32311, 43324, 27203, 14142, 25060, 28636, 18682, 5831, 9055, 15652, 24759, 24042, 42450, 52612, 63246, 65795, 57723, 34176, 30414, 30067, 39051, 55543, 12042, 9000, 11705, 15232, 28653, 31623, 43600, 38013, 29000, 42059, 36056, 29000, 27785, 19647, 31016, 7071, 36139, 20125, 50160, 20100, 13928, 18385, 13454, 12207, 16401, 10770, 16492, 17493, 17029], [22361, 14560, 34409, 0, 25000, 42720, 33541, 35355, 45044, 15000, 29155, 40311, 11180, 32016, 53151, 47170, 51478, 52202, 35355, 42720, 22361, 26926, 36401, 40000, 14142, 26926, 18028, 20616, 16125, 9487, 21213, 25000, 31241, 7280, 14142, 21541, 55082, 43012, 64031, 33377, 25000, 40162, 45277, 52802, 53824, 49497, 53085, 48270, 42579, 54129, 8246, 14318, 28071, 22804, 16125, 23409, 33061, 40224, 26870, 39962, 39560, 47854, 33615, 36878, 51225, 32757, 28636, 41761, 6083, 18111, 21095, 23087, 30083, 30083, 33242, 34525, 6708, 2828, 9220, 3606, 8062, 9000, 40050, 41773, 46174, 45277, 57706, 38184, 29833, 30676, 32558, 47707, 40224, 42544, 34132, 36620, 37590, 38419, 43267, 39825, 45804], [25000, 32202, 20224, 25000, 0, 41231, 31623, 46098, 50537, 40000, 47170, 57009, 15811, 25495, 41231, 29155, 45000, 50990, 40311, 56569, 46098, 10000, 14142, 15000, 18028, 10000, 14142, 28284, 22023, 23770, 42720, 40000, 52924, 32062, 36401, 45706, 66400, 35000, 52202, 9434, 15811, 18385, 32016, 36235, 44407, 52202, 59942, 59203, 52802, 68593, 28160, 38471, 36235, 21095, 9220, 8544, 8246, 24352, 19925, 34234, 40497, 43186, 49041, 56436, 69635, 57428, 53339, 19209, 19026, 32450, 40249, 48042, 8944, 11402, 11402, 10817, 22804, 23087, 32558, 28071, 17029, 34000, 48260, 44385, 45354, 39051, 51039, 27074, 43186, 32650, 52773, 40012, 33061, 37216, 29833, 30265, 33734, 30017, 36014, 35511, 37054], [20616, 32202, 23854, 42720, 41231, 0, 10000, 20616, 13928, 50000, 33541, 35355, 35355, 15811, 20000, 29155, 11180, 10000, 11180, 30000, 46098, 31623, 36056, 47170, 50249, 50990, 30000, 22361, 26926, 50448, 39051, 27203, 43829, 43909, 55902, 59405, 32696, 11180, 26926, 48466, 25495, 35468, 20125, 28160, 16492, 12042, 22204, 26926, 22091, 39051, 36235, 44045, 17692, 22023, 42012, 48508, 42048, 24759, 21378, 8485, 4472, 6708, 29411, 40804, 47000, 66468, 54818, 57697, 41976, 27803, 34059, 56639, 34928, 31780, 35355, 38949, 36056, 40162, 50990, 45695, 41593, 46648, 17000, 7071, 4123, 8062, 16279, 17692, 24597, 12083, 40311, 11000, 10630, 6708, 11402, 11662, 7616, 13454, 9849, 6403, 12369], [11180, 24839, 16401, 33541, 31623, 10000, 0, 20616, 19849, 42426, 30414, 35355, 25495, 7071, 22361, 25495, 18028, 20000, 11180, 31623, 40311, 22361, 28284, 39051, 40311, 41231, 20000, 14142, 17464, 40804, 33541, 22804, 40262, 35609, 47170, 51662, 37802, 11180, 32016, 39357, 15811, 28601, 18028, 27074, 21260, 20616, 29206, 31064, 25060, 42485, 27803, 36878, 13153, 12042, 32016, 38639, 33287, 19313, 11705, 7211, 8944, 14318, 28018, 39051, 48052, 59816, 49244, 48877, 32280, 20809, 28636, 49679, 26077, 23022, 27019, 30610, 26833, 30871, 42190, 36715, 31780, 38419, 19723, 13038, 14036, 12042, 24187, 12369, 22023, 5099, 37483, 14866, 8544, 9220, 3162, 6000, 4243, 9000, 10817, 6403, 13892], [21213, 21024, 36249, 35355, 46098, 20616, 20616, 0, 12207, 36401, 14142, 15000, 33541, 26926, 40311, 46098, 31623, 25000, 10000, 11180, 29155, 39051, 47170, 57009, 47434, 54083, 32016, 18028, 24698, 44721, 22361, 11180, 24207, 33061, 45277, 45541, 20591, 30000, 47434, 55172, 32016, 48301, 38210, 47096, 37108, 18439, 18111, 13416, 7280, 22804, 27166, 30083, 9899, 25495, 42544, 50774, 50329, 39850, 28844, 26019, 16279, 27203, 8944, 20248, 27459, 49930, 37014, 65069, 37643, 17263, 18028, 41146, 43417, 40804, 45222, 48600, 30083, 33734, 41049, 37054, 38275, 35228, 5831, 14318, 21024, 28284, 35777, 32985, 6325, 16155, 20248, 31401, 28071, 26077, 23770, 26476, 23087, 29428, 29017, 24000, 32062], [26249, 31575, 36069, 45044, 50537, 13928, 19849, 12207, 0, 48104, 26249, 24166, 40792, 26907, 33377, 42942, 23000, 13928, 10440, 17720, 41340, 41881, 48104, 58898, 55579, 59615, 37336, 25179, 31575, 54009, 34482, 22847, 36069, 43932, 56294, 57385, 18788, 25080, 38328, 58830, 34986, 48166, 34015, 42059, 29017, 6403, 9434, 13153, 9487, 25318, 37216, 41785, 17000, 29547, 49041, 56648, 53009, 38013, 31064, 21954, 11402, 19105, 20518, 31064, 34366, 62129, 49204, 68505, 46174, 27295, 29967, 53235, 45804, 42802, 46861, 50448, 39013, 43000, 51788, 47265, 46390, 46325, 6403, 7211, 12042, 21840, 25710, 30806, 18358, 17889, 31890, 24515, 24187, 20616, 22627, 24207, 20000, 26627, 23770, 19723, 26249], [32016, 17804, 47424, 15000, 40000, 50000, 42426, 36401, 48104, 0, 25000, 35355, 25495, 43012, 64031, 60415, 60208, 58310, 40311, 40000, 11180, 41231, 50990, 55000, 26926, 41231, 31623, 28284, 26926, 20125, 15000, 25298, 21932, 8246, 11180, 9434, 53000, 53151, 74330, 48260, 38079, 54571, 57140, 65368, 63655, 53712, 54342, 47170, 42755, 49649, 15264, 6325, 32757, 34132, 31064, 37855, 48042, 53226, 38949, 49518, 46043, 56080, 31064, 29411, 43463, 18385, 14318, 56294, 21024, 22204, 18439, 8246, 44721, 44385, 47854, 49366, 18974, 17117, 10000, 12166, 23022, 6000, 42059, 47011, 52697, 54452, 66068, 49930, 30083, 38288, 25000, 57280, 50329, 51624, 43932, 46861, 46669, 49204, 53075, 48795, 55973], [25495, 15556, 43290, 29155, 47170, 33541, 30414, 14142, 26249, 25000, 0, 11180, 32016, 35000, 52202, 55000, 44721, 39051, 22361, 15000, 15811, 42720, 52202, 60415, 43012, 53151, 33541, 20616, 25495, 38471, 10000, 8062, 10296, 24352, 35355, 33377, 28000, 41231, 60415, 56604, 36401, 54342, 48374, 57428, 49769, 32558, 30463, 22361, 18788, 25298, 21401, 19105, 17263, 29833, 41110, 49578, 53226, 48042, 34525, 37108, 29069, 40249, 6325, 9487, 22672, 36235, 23022, 66287, 33422, 14765, 8062, 28160, 47170, 45222, 49649, 52555, 26173, 28601, 32016, 29547, 34713, 25710, 19849, 28018, 34670, 40497, 49396, 42048, 8944, 25318, 7071, 43658, 38833, 37947, 33242, 36346, 33956, 39319, 40522, 35440, 43681], [33541, 26401, 50289, 40311, 57009, 35355, 35355, 15000, 24166, 35355, 11180, 0, 42426, 41231, 55227, 60828, 46098, 38079, 25000, 7071, 25000, 51478, 60415, 69462, 54083, 63640, 43012, 29155, 35000, 49649, 20616, 17029, 15524, 35468, 46098, 43000, 18682, 45000, 61847, 66400, 44721, 62032, 53151, 62073, 51788, 30414, 24759, 15000, 14765, 14318, 32450, 29833, 23087, 38013, 51624, 60108, 62434, 54342, 42154, 41012, 31145, 41773, 8062, 8062, 13000, 43681, 30083, 76217, 44407, 24759, 19235, 37121, 55946, 53666, 58138, 61294, 37014, 39661, 43012, 40719, 45607, 36688, 18682, 28636, 35171, 43186, 49649, 47676, 14318, 30594, 11180, 46271, 43046, 41049, 38471, 41304, 38053, 44283, 44011, 39000, 47043], [15000, 16643, 23431, 11180, 15811, 35355, 25495, 33541, 40792, 25495, 32016, 42426, 0, 22361, 43012, 36056, 42720, 45277, 30414, 43012, 30414, 15811, 25495, 30414, 15000, 21213, 7071, 15811, 9220, 15652, 26926, 25495, 37162, 17263, 25000, 32696, 54120, 33541, 54083, 25080, 14142, 29120, 34713, 41869, 44294, 44102, 49729, 46957, 40719, 55000, 12369, 23022, 24352, 13601, 9220, 17692, 23195, 29206, 16643, 31016, 33015, 39560, 34713, 41049, 54672, 43681, 38013, 34482, 7211, 17692, 24698, 33734, 19235, 18974, 22361, 24021, 7071, 8544, 20248, 14765, 6325, 19647, 37000, 36056, 39205, 36401, 49041, 27803, 29411, 24000, 37216, 38484, 30871, 33838, 25298, 27313, 29120, 28653, 34015, 31321, 36235], [11180, 26401, 9434, 32016, 25495, 15811, 7071, 26926, 26907, 43012, 35000, 41231, 22361, 0, 21213, 20000, 20616, 25495, 18028, 38079, 42720, 15811, 21213, 32016, 36401, 35355, 15811, 15811, 16279, 38013, 36401, 27019, 44283, 35468, 46098, 51856, 44822, 11180, 32016, 32696, 10000, 21633, 14318, 23087, 21954, 27295, 36235, 38013, 31906, 49244, 27803, 38079, 18248, 9220, 27295, 33061, 26420, 13153, 6083, 9055, 15811, 18028, 33541, 44102, 54120, 61057, 51624, 42059, 29530, 23087, 31780, 50774, 19235, 16125, 20000, 23601, 25495, 29206, 41110, 35468, 28636, 38288, 26627, 20000, 19925, 14318, 26926, 7280, 27295, 10770, 42012, 16155, 8544, 12042, 4472, 5099, 8246, 6403, 11705, 10050, 13892], [32016, 46872, 21190, 53151, 41231, 20000, 22361, 40311, 33377, 64031, 52202, 55227, 43012, 21213, 0, 15811, 11180, 22361, 30414, 50000, 62650, 31623, 30000, 40311, 55902, 50990, 36056, 36056, 37483, 58523, 55902, 44944, 62298, 56639, 67268, 73000, 51662, 11180, 11180, 45044, 29155, 27166, 9220, 10630, 5657, 29411, 40162, 46530, 42048, 58694, 48918, 58822, 35114, 30414, 46098, 49729, 38053, 17117, 26401, 15232, 24083, 14318, 48836, 60208, 67000, 81841, 71589, 52240, 50220, 43046, 50990, 71610, 32558, 29833, 31145, 34015, 46690, 50329, 62290, 56639, 49092, 59464, 37000, 27019, 21378, 12042, 13601, 15264, 43417, 27313, 59203, 9000, 13892, 14318, 20248, 17205, 18385, 14866, 11705, 16763, 8544], [30414, 45354, 13000, 47170, 29155, 29155, 25495, 46098, 42942, 60415, 55000, 60828, 36056, 20000, 15811, 0, 25000, 35355, 36401, 57009, 61847, 21213, 15811, 25000, 46098, 38079, 29155, 35355, 33838, 50249, 55902, 47011, 64195, 52326, 61033, 68476, 61717, 18028, 25000, 30806, 22361, 12166, 9220, 7280, 21024, 40804, 51313, 55543, 49980, 67417, 45310, 56303, 38118, 26926, 36125, 37590, 24042, 7280, 21840, 21024, 31780, 26173, 53339, 64070, 73546, 78791, 70605, 37000, 42802, 42579, 51478, 68542, 20248, 18439, 17889, 19925, 41593, 44418, 56303, 50774, 41231, 55009, 44598, 35777, 32202, 22023, 29069, 13153, 47170, 30265, 62008, 20518, 18788, 22472, 22361, 19647, 23409, 16763, 19416, 23259, 17692], [29155, 42450, 25179, 51478, 45000, 11180, 18028, 31623, 23000, 60208, 44721, 46098, 42720, 20616, 11180, 25000, 0, 11180, 22361, 40311, 57009, 35000, 36401, 47434, 57009, 55000, 36401, 32016, 35355, 58310, 50000, 38275, 55009, 53600, 65192, 69527, 40792, 10000, 15811, 50636, 30414, 34540, 16125, 21401, 6083, 18439, 29120, 36056, 32140, 48166, 45804, 54452, 28601, 29155, 47854, 53085, 43738, 23409, 26683, 11705, 15652, 4472, 40497, 51865, 57219, 77156, 65803, 58941, 49769, 38184, 45000, 67179, 37216, 34132, 36674, 40025, 44777, 48765, 60208, 54708, 49041, 56400, 27459, 17464, 11045, 6325, 6325, 18111, 35777, 21932, 51478, 5099, 12166, 8944, 17464, 15524, 13892, 15033, 9055, 11662, 8246], [30414, 40706, 32696, 52202, 50990, 10000, 20000, 25000, 13928, 58310, 39051, 38079, 45277, 25495, 22361, 35355, 11180, 0, 18028, 31623, 53151, 41231, 44721, 55902, 60208, 60828, 40000, 31623, 36674, 60208, 46098, 34059, 49204, 52802, 65000, 67742, 30150, 18028, 25000, 57871, 35355, 43566, 26173, 32450, 17088, 8062, 18248, 26173, 23409, 38013, 45310, 52154, 25554, 32016, 52010, 58421, 51264, 32450, 31257, 17088, 12649, 9220, 33838, 44777, 48052, 73878, 61522, 66851, 51788, 36235, 41231, 64405, 44272, 41110, 44385, 47927, 45607, 49729, 60166, 55027, 51478, 55462, 19723, 11402, 6083, 13601, 12042, 25942, 30414, 21587, 45222, 14866, 18788, 14318, 21213, 20881, 17263, 21932, 16643, 15524, 17692], [15811, 22847, 27459, 35355, 40311, 11180, 11180, 10000, 10440, 40311, 22361, 25000, 30414, 18028, 30414, 36401, 22361, 18028, 0, 20616, 35355, 32016, 39051, 49497, 45277, 49244, 26926, 15000, 21213, 44045, 28284, 16279, 32650, 35114, 47434, 49739, 26907, 20000, 38079, 48826, 25000, 39661, 28284, 37121, 27514, 14142, 19698, 20000, 13892, 31305, 27893, 34132, 7616, 19235, 38601, 46239, 43278, 30463, 21260, 16031, 6708, 17889, 18439, 29833, 37336, 55973, 43932, 58600, 36014, 18385, 23345, 46400, 36125, 33242, 37483, 41012, 29069, 33136, 42720, 37855, 36125, 37696, 8602, 6708, 12728, 18439, 27203, 23409, 13416, 7810, 29155, 21587, 18111, 16125, 14318, 16763, 13153, 19647, 19026, 14000, 22091], [32016, 28231, 47424, 42720, 56569, 30000, 31623, 11180, 17720, 40000, 15000, 7071, 43012, 38079, 50000, 57009, 40311, 31623, 20616, 0, 30414, 50000, 58310, 68007, 55902, 64031, 42426, 28284, 34713, 52202, 25000, 17889, 21932, 38833, 50249, 48260, 13000, 40311, 55902, 65795, 43012, 59481, 48836, 57559, 46174, 23770, 17692, 8062, 8246, 12042, 34540, 34059, 20809, 36401, 52202, 60605, 61221, 50922, 39962, 36497, 26077, 36125, 9220, 15000, 17000, 49980, 36401, 75690, 46065, 25554, 22361, 42755, 54406, 51865, 56303, 59641, 38471, 41629, 46690, 43681, 47011, 40447, 13000, 23022, 29275, 38013, 43417, 43966, 13601, 27313, 17464, 41000, 38639, 36125, 34785, 37363, 33734, 40262, 39205, 34366, 42107], [31623, 16492, 49031, 22361, 46098, 46098, 40311, 29155, 41340, 11180, 15811, 25000, 30414, 42720, 62650, 61847, 57009, 53151, 35355, 30414, 0, 45000, 55000, 60828, 36056, 49244, 35000, 26926, 28284, 29833, 7071, 19105, 10770, 15264, 22361, 18000, 43290, 51478, 72111, 55082, 40311, 58078, 57009, 65788, 61294, 47434, 46239, 38079, 34540, 39115, 18111, 8062, 28425, 34928, 37947, 45695, 53600, 54571, 40025, 47508, 41773, 52631, 22136, 18439, 32311, 20809, 8944, 63906, 28231, 19698, 12042, 12369, 49041, 48010, 52010, 54148, 23345, 23409, 20616, 20809, 30083, 14866, 34986, 41773, 48083, 51865, 62370, 49980, 23022, 35511, 14142, 54918, 48765, 49092, 42485, 45618, 44418, 48332, 51108, 46325, 54203], [18028, 29275, 10440, 26926, 10000, 31623, 22361, 39051, 41881, 41231, 42720, 51478, 15811, 15811, 31623, 21213, 35000, 41231, 32016, 50000, 45000, 0, 10000, 18028, 25000, 20000, 10000, 22361, 17464, 29069, 40311, 34928, 50010, 32985, 40311, 48466, 58728, 25000, 42720, 17000, 7071, 13342, 22472, 27803, 34525, 42953, 51313, 51624, 45255, 61847, 27074, 38210, 29206, 13601, 15000, 18248, 11314, 15264, 10817, 24331, 31305, 33242, 43417, 52202, 64413, 59481, 53151, 26627, 21954, 28160, 36878, 49477, 4472, 3162, 7071, 9849, 22361, 24352, 35777, 30463, 20248, 35440, 40361, 35355, 35735, 29069, 41049, 17117, 37216, 24207, 49041, 30017, 23087, 27295, 20248, 20396, 24042, 20025, 26019, 25710, 27074], [26926, 39205, 12207, 36401, 14142, 36056, 28284, 47170, 48104, 50990, 52202, 60415, 25495, 21213, 30000, 15811, 36401, 44721, 39051, 58310, 55000, 10000, 0, 11180, 32016, 22361, 20000, 31623, 27295, 37216, 50249, 44272, 59841, 42755, 49244, 57871, 65947, 26926, 40311, 15133, 15811, 4243, 21095, 23087, 34234, 48010, 57385, 59034, 52802, 69893, 37054, 48166, 37590, 22472, 22472, 22204, 8246, 13153, 18358, 27785, 36878, 35847, 52393, 61685, 73410, 69123, 63127, 22561, 31016, 37855, 46690, 59228, 6325, 7071, 3162, 4123, 32249, 33956, 44944, 39850, 29155, 45122, 47634, 41110, 39962, 31385, 41773, 18788, 46098, 31401, 58694, 31321, 25942, 30414, 25495, 24413, 28601, 22825, 28231, 29682, 28160], [36056, 46174, 23324, 40000, 15000, 47170, 39051, 57009, 58898, 55000, 60415, 69462, 30414, 32016, 40311, 25000, 47434, 55902, 49497, 68007, 60828, 18028, 11180, 0, 31623, 18028, 26926, 40311, 34928, 38079, 57009, 52773, 67052, 47043, 50990, 60531, 76381, 38079, 50000, 8602, 25000, 13153, 31780, 32062, 44911, 59076, 68250, 69354, 63032, 79812, 42755, 53339, 47202, 31623, 24083, 19698, 7280, 24042, 28320, 38949, 47802, 47011, 61400, 69857, 82365, 72339, 68264, 12000, 34015, 45695, 54083, 63032, 13601, 16279, 12042, 8485, 37483, 38053, 47381, 43046, 32016, 49000, 58000, 52010, 51108, 42544, 52631, 29967, 55227, 41725, 66483, 42379, 37121, 41593, 36401, 35511, 39661, 34000, 39395, 40817, 39217], [30000, 27785, 34986, 14142, 18028, 50249, 40311, 47434, 55579, 26926, 43012, 54083, 15000, 36401, 55902, 46098, 57009, 60208, 45277, 55902, 36056, 25000, 32016, 31623, 0, 15000, 20616, 30414, 24083, 7071, 35355, 38013, 45343, 20809, 20000, 30067, 67779, 47434, 67082, 23537, 26926, 36235, 47011, 52802, 57940, 59076, 64327, 60745, 54708, 67602, 21633, 28018, 38833, 28284, 10000, 12166, 25942, 40224, 30364, 45354, 48010, 54129, 47011, 50990, 65299, 42107, 41231, 30067, 9849, 30463, 35000, 33956, 26173, 27659, 29069, 28844, 17464, 14422, 17464, 15264, 9220, 21471, 51420, 51039, 54148, 50695, 63325, 40719, 42544, 39000, 46690, 52498, 44922, 48270, 39812, 41485, 43738, 42379, 48083, 45891, 49980], [33541, 37643, 30150, 26926, 10000, 50990, 41231, 54083, 59615, 41231, 53151, 63640, 21213, 35355, 50990, 38079, 55000, 60828, 49244, 64031, 49244, 20000, 22361, 18028, 15000, 0, 22361, 36056, 29411, 22023, 47170, 46690, 57454, 34176, 35000, 45044, 74626, 45000, 61847, 9434, 25495, 26420, 41773, 45310, 54332, 61685, 68942, 67417, 61057, 76059, 32450, 41231, 44418, 30083, 12042, 3606, 14422, 33956, 29614, 44181, 50000, 53151, 55902, 62008, 75822, 57079, 55362, 15133, 21024, 38897, 45607, 48662, 18439, 21213, 20248, 18358, 27203, 25942, 32249, 29120, 19235, 35440, 56824, 53759, 55109, 49041, 61033, 37054, 50448, 41785, 58009, 50010, 43046, 47170, 39623, 40200, 43566, 40012, 46011, 45398, 47043], [11180, 19416, 16401, 18028, 14142, 30000, 20000, 32016, 37336, 31623, 33541, 43012, 7071, 15811, 36056, 29155, 36401, 40000, 26926, 42426, 35000, 10000, 20000, 26926, 20616, 22361, 0, 14142, 8062, 22472, 30414, 26077, 40262, 23409, 32016, 39357, 52431, 26926, 47170, 23431, 7071, 23195, 27659, 34828, 37577, 39812, 46615, 45222, 38833, 54452, 17117, 28284, 22204, 8062, 12042, 19313, 19698, 22204, 9849, 24739, 28284, 33541, 35000, 42953, 55758, 49980, 43186, 33302, 14213, 18788, 27203, 39850, 14142, 13038, 17029, 19416, 12649, 15264, 27203, 21633, 13038, 26000, 34482, 31780, 34015, 30083, 42720, 20809, 29069, 19647, 39560, 31953, 24352, 27659, 19235, 20881, 23195, 21932, 27514, 25318, 29547], [5000, 10817, 23000, 20616, 28284, 22361, 14142, 18028, 25179, 28284, 20616, 29155, 15811, 15811, 36056, 35355, 32016, 31623, 15000, 28284, 26926, 22361, 31623, 40311, 30414, 36056, 14142, 0, 6708, 29069, 20616, 12649, 29000, 21633, 33541, 37537, 38588, 25000, 46098, 37537, 15811, 33734, 30083, 38897, 35384, 29069, 33956, 31385, 25060, 40311, 13892, 22804, 8544, 9220, 24597, 32757, 33287, 28160, 14036, 21260, 18974, 28018, 21095, 30083, 42059, 45804, 35847, 47424, 21024, 7280, 16125, 35609, 26833, 24698, 29155, 32202, 14142, 18248, 28636, 23409, 21213, 24413, 21190, 21213, 25632, 26173, 38013, 23087, 15000, 10296, 27295, 29000, 22204, 23345, 15811, 18868, 18385, 21471, 24839, 20518, 27803], [6325, 12000, 20881, 16125, 22023, 26926, 17464, 24698, 31575, 26926, 25495, 35000, 9220, 16279, 37483, 33838, 35355, 36674, 21213, 34713, 28284, 17464, 27295, 34928, 24083, 29411, 8062, 6708, 0, 23537, 23022, 18028, 32558, 19209, 30000, 35609, 45277, 27019, 48166, 31401, 12042, 30017, 30232, 38471, 37802, 35014, 40522, 38079, 31765, 46755, 11662, 22472, 15232, 7211, 17889, 26077, 27731, 26571, 12083, 23854, 24187, 31780, 27019, 34928, 47707, 45177, 36878, 41231, 15133, 10770, 19416, 34886, 21840, 20224, 24515, 27203, 9434, 13416, 25000, 19416, 15000, 22023, 27857, 27000, 30594, 29155, 41593, 23022, 21213, 15133, 31623, 31623, 24207, 26420, 18028, 20616, 21471, 22627, 27203, 23707, 29833], [29833, 24042, 38288, 9487, 23770, 50448, 40804, 44721, 54009, 20125, 38471, 49649, 15652, 38013, 58523, 50249, 58310, 60208, 44045, 52202, 29833, 29069, 37216, 38079, 7071, 22023, 22472, 29069, 23537, 0, 30000, 34482, 39623, 14866, 13038, 23022, 64560, 49193, 69642, 30265, 29411, 41340, 50000, 56586, 59942, 58138, 62290, 57723, 51971, 63561, 17720, 21932, 37014, 29155, 14765, 19026, 31953, 43863, 32249, 46615, 47676, 55027, 43081, 45804, 60216, 35057, 34438, 37121, 8544, 27459, 30414, 26926, 31064, 32016, 34132, 34438, 15000, 11045, 10440, 9220, 9434, 15000, 49254, 50249, 54129, 52000, 64622, 43267, 39294, 38639, 41400, 54129, 46519, 49396, 40853, 42953, 44598, 44294, 49659, 46819, 51884], [25495, 11045, 43290, 21213, 42720, 39051, 33541, 22361, 34482, 15000, 10000, 20616, 26926, 36401, 55902, 55902, 50000, 46098, 28284, 25000, 7071, 40311, 50249, 57009, 35355, 47170, 30414, 20616, 23022, 30000, 0, 12042, 10296, 15264, 25495, 23537, 38000, 44721, 65192, 52000, 35000, 53038, 50596, 59481, 54378, 40497, 39850, 32249, 28160, 34928, 14765, 9220, 21401, 29155, 35355, 43566, 49729, 48662, 34234, 40706, 34713, 45607, 16125, 15811, 30232, 27803, 15811, 61270, 26401, 13342, 5000, 18788, 44553, 43186, 47381, 49820, 20125, 21401, 22472, 20809, 28018, 16155, 28178, 34713, 41012, 44944, 55317, 43681, 16125, 28653, 11402, 48021, 42048, 42190, 35847, 39000, 37590, 41785, 44294, 39446, 47413], [17464, 10440, 35228, 25000, 40000, 27203, 22804, 11180, 22847, 25298, 8062, 17029, 25495, 27019, 44944, 47011, 38275, 34059, 16279, 17889, 19105, 34928, 44272, 52773, 38013, 46690, 26077, 12649, 18028, 34482, 12042, 0, 17464, 22000, 34132, 34540, 30083, 33838, 53712, 49406, 28460, 46325, 40608, 49649, 42942, 28653, 29275, 23345, 18000, 29682, 16763, 18974, 9849, 21840, 34713, 43186, 45651, 40012, 26476, 29732, 22804, 33838, 9220, 17464, 29682, 39825, 27659, 59203, 28178, 7810, 7211, 30529, 39395, 37336, 41785, 44777, 20591, 23770, 30000, 26306, 29155, 24083, 16763, 22672, 29000, 33541, 43417, 34132, 5000, 17720, 15000, 36674, 31321, 30871, 25495, 28636, 26571, 31575, 33242, 28231, 36401], [34000, 20881, 52000, 31241, 52924, 43829, 40262, 24207, 36069, 21932, 10296, 15524, 37162, 44283, 62298, 64195, 55009, 49204, 32650, 21932, 10770, 50010, 59841, 67052, 45343, 57454, 40262, 29000, 32558, 39623, 10296, 17464, 0, 24759, 33106, 28284, 34205, 51245, 70682, 62241, 44283, 62394, 58052, 67082, 60008, 42450, 39115, 29967, 27803, 29017, 25060, 17804, 27203, 38053, 45651, 53852, 59775, 57079, 43012, 47127, 39357, 50537, 15556, 8000, 21541, 28160, 14560, 71554, 36620, 22091, 13153, 22023, 54342, 52773, 57070, 59666, 30414, 31623, 31064, 30414, 38275, 25000, 29732, 38275, 44944, 50695, 59682, 51478, 19235, 35171, 4472, 53852, 48765, 48104, 42953, 46098, 43966, 49031, 50596, 45541, 53759], [24759, 12369, 39357, 7280, 32062, 43909, 35609, 33061, 43932, 8246, 24352, 35468, 17263, 35468, 56639, 52326, 53600, 52802, 35114, 38833, 15264, 32985, 42755, 47043, 20809, 34176, 23409, 21633, 19209, 14866, 15264, 22000, 24759, 0, 12369, 16401, 51624, 45967, 67179, 40608, 29967, 46325, 49