{"meta": {"NAME": "RC201", "VEHICLES": 25, "CAPACITY": 1000, "JOBS": 100, "TIME WINDOW": [-9616, 980471]}, "vehicles": [{"id": 0, "start": [40.0, 50.0], "start_index": 0, "end": [40.0, 50.0], "end_index": 0, "capacity": [1000], "time_window": [0, 960000]}, {"id": 1, "start": [40.0, 50.0], "start_index": 0, "end": [40.0, 50.0], "end_index": 0, "capacity": [1000], "time_window": [0, 960000]}, {"id": 2, "start": [40.0, 50.0], "start_index": 0, "end": [40.0, 50.0], "end_index": 0, "capacity": [1000], "time_window": [0, 960000]}, {"id": 3, "start": [40.0, 50.0], "start_index": 0, "end": [40.0, 50.0], "end_index": 0, "capacity": [1000], "time_window": [0, 960000]}, {"id": 4, "start": [40.0, 50.0], "start_index": 0, "end": [40.0, 50.0], "end_index": 0, "capacity": [1000], "time_window": [0, 960000]}, {"id": 5, "start": [40.0, 50.0], "start_index": 0, "end": [40.0, 50.0], "end_index": 0, "capacity": [1000], "time_window": [0, 960000]}, {"id": 6, "start": [40.0, 50.0], "start_index": 0, "end": [40.0, 50.0], "end_index": 0, "capacity": [1000], "time_window": [0, 960000]}, {"id": 7, "start": [40.0, 50.0], "start_index": 0, "end": [40.0, 50.0], "end_index": 0, "capacity": [1000], "time_window": [0, 960000]}, {"id": 8, "start": [40.0, 50.0], "start_index": 0, "end": [40.0, 50.0], "end_index": 0, "capacity": [1000], "time_window": [0, 960000]}, {"id": 9, "start": [40.0, 50.0], "start_index": 0, "end": [40.0, 50.0], "end_index": 0, "capacity": [1000], "time_window": [0, 960000]}, {"id": 10, "start": [40.0, 50.0], "start_index": 0, "end": [40.0, 50.0], "end_index": 0, "capacity": [1000], "time_window": [0, 960000]}, {"id": 11, "start": [40.0, 50.0], "start_index": 0, "end": [40.0, 50.0], "end_index": 0, "capacity": [1000], "time_window": [0, 960000]}, {"id": 12, "start": [40.0, 50.0], "start_index": 0, "end": [40.0, 50.0], "end_index": 0, "capacity": [1000], "time_window": [0, 960000]}, {"id": 13, "start": [40.0, 50.0], "start_index": 0, "end": [40.0, 50.0], "end_index": 0, "capacity": [1000], "time_window": [0, 960000]}, {"id": 14, "start": [40.0, 50.0], "start_index": 0, "end": [40.0, 50.0], "end_index": 0, "capacity": [1000], "time_window": [0, 960000]}, {"id": 15, "start": [40.0, 50.0], "start_index": 0, "end": [40.0, 50.0], "end_index": 0, "capacity": [1000], "time_window": [0, 960000]}, {"id": 16, "start": [40.0, 50.0], "start_index": 0, "end": [40.0, 50.0], "end_index": 0, "capacity": [1000], "time_window": [0, 960000]}, {"id": 17, "start": [40.0, 50.0], "start_index": 0, "end": [40.0, 50.0], "end_index": 0, "capacity": [1000], "time_window": [0, 960000]}, {"id": 18, "start": [40.0, 50.0], "start_index": 0, "end": [40.0, 50.0], "end_index": 0, "capacity": [1000], "time_window": [0, 960000]}, {"id": 19, "start": [40.0, 50.0], "start_index": 0, "end": [40.0, 50.0], "end_index": 0, "capacity": [1000], "time_window": [0, 960000]}, {"id": 20, "start": [40.0, 50.0], "start_index": 0, "end": [40.0, 50.0], "end_index": 0, "capacity": [1000], "time_window": [0, 960000]}, {"id": 21, "start": [40.0, 50.0], "start_index": 0, "end": [40.0, 50.0], "end_index": 0, "capacity": [1000], "time_window": [0, 960000]}, {"id": 22, "start": [40.0, 50.0], "start_index": 0, "end": [40.0, 50.0], "end_index": 0, "capacity": [1000], "time_window": [0, 960000]}, {"id": 23, "start": [40.0, 50.0], "start_index": 0, "end": [40.0, 50.0], "end_index": 0, "capacity": [1000], "time_window": [0, 960000]}, {"id": 24, "start": [40.0, 50.0], "start_index": 0, "end": [40.0, 50.0], "end_index": 0, "capacity": [1000], "time_window": [0, 960000]}], "jobs": [{"id": 1, "location": [25.0, 85.0], "location_index": 1, "delivery": [20], "time_windows": [[673000, 793000]], "service": 10000}, {"id": 2, "location": [22.0, 75.0], "location_index": 2, "delivery": [30], "time_windows": [[152000, 272000]], "service": 10000}, {"id": 3, "location": [22.0, 85.0], "location_index": 3, "delivery": [10], "time_windows": [[471000, 591000]], "service": 10000}, {"id": 4, "location": [20.0, 80.0], "location_index": 4, "delivery": [40], "time_windows": [[644000, 764000]], "service": 10000}, {"id": 5, "location": [20.0, 85.0], "location_index": 5, "delivery": [20], "time_windows": [[73000, 193000]], "service": 10000}, {"id": 6, "location": [18.0, 75.0], "location_index": 6, "delivery": [20], "time_windows": [[388000, 508000]], "service": 10000}, {"id": 7, "location": [15.0, 75.0], "location_index": 7, "delivery": [20], "time_windows": [[300000, 420000]], "service": 10000}, {"id": 8, "location": [15.0, 80.0], "location_index": 8, "delivery": [10], "time_windows": [[367000, 487000]], "service": 10000}, {"id": 9, "location": [10.0, 35.0], "location_index": 9, "delivery": [20], "time_windows": [[371000, 491000]], "service": 10000}, {"id": 10, "location": [10.0, 40.0], "location_index": 10, "delivery": [30], "time_windows": [[519000, 639000]], "service": 10000}, {"id": 11, "location": [8.0, 40.0], "location_index": 11, "delivery": [40], "time_windows": [[195000, 315000]], "service": 10000}, {"id": 12, "location": [8.0, 45.0], "location_index": 12, "delivery": [20], "time_windows": [[223000, 343000]], "service": 10000}, {"id": 13, "location": [5.0, 35.0], "location_index": 13, "delivery": [10], "time_windows": [[653000, 773000]], "service": 10000}, {"id": 14, "location": [5.0, 45.0], "location_index": 14, "delivery": [10], "time_windows": [[35000, 155000]], "service": 10000}, {"id": 15, "location": [2.0, 40.0], "location_index": 15, "delivery": [20], "time_windows": [[174000, 294000]], "service": 10000}, {"id": 16, "location": [0.0, 40.0], "location_index": 16, "delivery": [20], "time_windows": [[255000, 375000]], "service": 10000}, {"id": 17, "location": [0.0, 45.0], "location_index": 17, "delivery": [20], "time_windows": [[703000, 823000]], "service": 10000}, {"id": 18, "location": [44.0, 5.0], "location_index": 18, "delivery": [20], "time_windows": [[335000, 455000]], "service": 10000}, {"id": 19, "location": [42.0, 10.0], "location_index": 19, "delivery": [40], "time_windows": [[254000, 374000]], "service": 10000}, {"id": 20, "location": [42.0, 15.0], "location_index": 20, "delivery": [10], "time_windows": [[537000, 657000]], "service": 10000}, {"id": 21, "location": [40.0, 5.0], "location_index": 21, "delivery": [10], "time_windows": [[215000, 335000]], "service": 10000}, {"id": 22, "location": [40.0, 15.0], "location_index": 22, "delivery": [40], "time_windows": [[375000, 495000]], "service": 10000}, {"id": 23, "location": [38.0, 5.0], "location_index": 23, "delivery": [30], "time_windows": [[201000, 321000]], "service": 10000}, {"id": 24, "location": [38.0, 15.0], "location_index": 24, "delivery": [10], "time_windows": [[681000, 801000]], "service": 10000}, {"id": 25, "location": [35.0, 5.0], "location_index": 25, "delivery": [20], "time_windows": [[784000, 904000]], "service": 10000}, {"id": 26, "location": [95.0, 30.0], "location_index": 26, "delivery": [30], "time_windows": [[529000, 649000]], "service": 10000}, {"id": 27, "location": [95.0, 35.0], "location_index": 27, "delivery": [20], "time_windows": [[146000, 266000]], "service": 10000}, {"id": 28, "location": [92.0, 30.0], "location_index": 28, "delivery": [10], "time_windows": [[149000, 269000]], "service": 10000}, {"id": 29, "location": [90.0, 35.0], "location_index": 29, "delivery": [10], "time_windows": [[194000, 314000]], "service": 10000}, {"id": 30, "location": [88.0, 30.0], "location_index": 30, "delivery": [10], "time_windows": [[246000, 366000]], "service": 10000}, {"id": 31, "location": [88.0, 35.0], "location_index": 31, "delivery": [20], "time_windows": [[165000, 285000]], "service": 10000}, {"id": 32, "location": [87.0, 30.0], "location_index": 32, "delivery": [10], "time_windows": [[621000, 741000]], "service": 10000}, {"id": 33, "location": [85.0, 25.0], "location_index": 33, "delivery": [10], "time_windows": [[80000, 200000]], "service": 10000}, {"id": 34, "location": [85.0, 35.0], "location_index": 34, "delivery": [30], "time_windows": [[487000, 607000]], "service": 10000}, {"id": 35, "location": [67.0, 85.0], "location_index": 35, "delivery": [20], "time_windows": [[657000, 777000]], "service": 10000}, {"id": 36, "location": [65.0, 85.0], "location_index": 36, "delivery": [40], "time_windows": [[43000, 163000]], "service": 10000}, {"id": 37, "location": [65.0, 82.0], "location_index": 37, "delivery": [10], "time_windows": [[557000, 677000]], "service": 10000}, {"id": 38, "location": [62.0, 80.0], "location_index": 38, "delivery": [30], "time_windows": [[278000, 398000]], "service": 10000}, {"id": 39, "location": [60.0, 80.0], "location_index": 39, "delivery": [10], "time_windows": [[64000, 184000]], "service": 10000}, {"id": 40, "location": [60.0, 85.0], "location_index": 40, "delivery": [30], "time_windows": [[329000, 449000]], "service": 10000}, {"id": 41, "location": [58.0, 75.0], "location_index": 41, "delivery": [20], "time_windows": [[376000, 496000]], "service": 10000}, {"id": 42, "location": [55.0, 80.0], "location_index": 42, "delivery": [10], "time_windows": [[33000, 153000]], "service": 10000}, {"id": 43, "location": [55.0, 85.0], "location_index": 43, "delivery": [20], "time_windows": [[574000, 694000]], "service": 10000}, {"id": 44, "location": [55.0, 82.0], "location_index": 44, "delivery": [10], "time_windows": [[217000, 337000]], "service": 10000}, {"id": 45, "location": [20.0, 82.0], "location_index": 45, "delivery": [10], "time_windows": [[37000, 157000]], "service": 10000}, {"id": 46, "location": [18.0, 80.0], "location_index": 46, "delivery": [10], "time_windows": [[489000, 609000]], "service": 10000}, {"id": 47, "location": [2.0, 45.0], "location_index": 47, "delivery": [10], "time_windows": [[105000, 225000]], "service": 10000}, {"id": 48, "location": [42.0, 5.0], "location_index": 48, "delivery": [10], "time_windows": [[732000, 852000]], "service": 10000}, {"id": 49, "location": [42.0, 12.0], "location_index": 49, "delivery": [10], "time_windows": [[440000, 560000]], "service": 10000}, {"id": 50, "location": [72.0, 35.0], "location_index": 50, "delivery": [30], "time_windows": [[507000, 627000]], "service": 10000}, {"id": 51, "location": [55.0, 20.0], "location_index": 51, "delivery": [19], "time_windows": [[326000, 446000]], "service": 10000}, {"id": 52, "location": [25.0, 30.0], "location_index": 52, "delivery": [3], "time_windows": [[175000, 295000]], "service": 10000}, {"id": 53, "location": [20.0, 50.0], "location_index": 53, "delivery": [5], "time_windows": [[375000, 495000]], "service": 10000}, {"id": 54, "location": [55.0, 60.0], "location_index": 54, "delivery": [16], "time_windows": [[601000, 721000]], "service": 10000}, {"id": 55, "location": [30.0, 60.0], "location_index": 55, "delivery": [16], "time_windows": [[599000, 719000]], "service": 10000}, {"id": 56, "location": [50.0, 35.0], "location_index": 56, "delivery": [19], "time_windows": [[557000, 677000]], "service": 10000}, {"id": 57, "location": [30.0, 25.0], "location_index": 57, "delivery": [23], "time_windows": [[397000, 517000]], "service": 10000}, {"id": 58, "location": [15.0, 10.0], "location_index": 58, "delivery": [20], "time_windows": [[782000, 902000]], "service": 10000}, {"id": 59, "location": [10.0, 20.0], "location_index": 59, "delivery": [19], "time_windows": [[42000, 162000]], "service": 10000}, {"id": 60, "location": [15.0, 60.0], "location_index": 60, "delivery": [17], "time_windows": [[694000, 814000]], "service": 10000}, {"id": 61, "location": [45.0, 65.0], "location_index": 61, "delivery": [9], "time_windows": [[258000, 378000]], "service": 10000}, {"id": 62, "location": [65.0, 35.0], "location_index": 62, "delivery": [3], "time_windows": [[167000, 287000]], "service": 10000}, {"id": 63, "location": [65.0, 20.0], "location_index": 63, "delivery": [6], "time_windows": [[39000, 159000]], "service": 10000}, {"id": 64, "location": [45.0, 30.0], "location_index": 64, "delivery": [17], "time_windows": [[191000, 311000]], "service": 10000}, {"id": 65, "location": [35.0, 40.0], "location_index": 65, "delivery": [16], "time_windows": [[11000, 131000]], "service": 10000}, {"id": 66, "location": [41.0, 37.0], "location_index": 66, "delivery": [16], "time_windows": [[566000, 686000]], "service": 10000}, {"id": 67, "location": [64.0, 42.0], "location_index": 67, "delivery": [9], "time_windows": [[268000, 388000]], "service": 10000}, {"id": 68, "location": [40.0, 60.0], "location_index": 68, "delivery": [21], "time_windows": [[612000, 732000]], "service": 10000}, {"id": 69, "location": [31.0, 52.0], "location_index": 69, "delivery": [27], "time_windows": [[157000, 277000]], "service": 10000}, {"id": 70, "location": [35.0, 69.0], "location_index": 70, "delivery": [23], "time_windows": [[810000, 930000]], "service": 10000}, {"id": 71, "location": [65.0, 55.0], "location_index": 71, "delivery": [14], "time_windows": [[241000, 361000]], "service": 10000}, {"id": 72, "location": [63.0, 65.0], "location_index": 72, "delivery": [8], "time_windows": [[60000, 180000]], "service": 10000}, {"id": 73, "location": [2.0, 60.0], "location_index": 73, "delivery": [5], "time_windows": [[286000, 406000]], "service": 10000}, {"id": 74, "location": [20.0, 20.0], "location_index": 74, "delivery": [8], "time_windows": [[645000, 765000]], "service": 10000}, {"id": 75, "location": [5.0, 5.0], "location_index": 75, "delivery": [16], "time_windows": [[232000, 352000]], "service": 10000}, {"id": 76, "location": [60.0, 12.0], "location_index": 76, "delivery": [31], "time_windows": [[268000, 388000]], "service": 10000}, {"id": 77, "location": [23.0, 3.0], "location_index": 77, "delivery": [7], "time_windows": [[764000, 884000]], "service": 10000}, {"id": 78, "location": [8.0, 56.0], "location_index": 78, "delivery": [27], "time_windows": [[365000, 485000]], "service": 10000}, {"id": 79, "location": [6.0, 68.0], "location_index": 79, "delivery": [30], "time_windows": [[352000, 472000]], "service": 10000}, {"id": 80, "location": [47.0, 47.0], "location_index": 80, "delivery": [13], "time_windows": [[822000, 942000]], "service": 10000}, {"id": 81, "location": [49.0, 58.0], "location_index": 81, "delivery": [10], "time_windows": [[355000, 475000]], "service": 10000}, {"id": 82, "location": [27.0, 43.0], "location_index": 82, "delivery": [9], "time_windows": [[152000, 272000]], "service": 10000}, {"id": 83, "location": [37.0, 31.0], "location_index": 83, "delivery": [14], "time_windows": [[105000, 225000]], "service": 10000}, {"id": 84, "location": [57.0, 29.0], "location_index": 84, "delivery": [18], "time_windows": [[395000, 515000]], "service": 10000}, {"id": 85, "location": [63.0, 23.0], "location_index": 85, "delivery": [2], "time_windows": [[344000, 464000]], "service": 10000}, {"id": 86, "location": [21.0, 24.0], "location_index": 86, "delivery": [28], "time_windows": [[349000, 469000]], "service": 10000}, {"id": 87, "location": [12.0, 24.0], "location_index": 87, "delivery": [13], "time_windows": [[359000, 479000]], "service": 10000}, {"id": 88, "location": [24.0, 58.0], "location_index": 88, "delivery": [19], "time_windows": [[260000, 380000]], "service": 10000}, {"id": 89, "location": [67.0, 5.0], "location_index": 89, "delivery": [25], "time_windows": [[713000, 833000]], "service": 10000}, {"id": 90, "location": [37.0, 47.0], "location_index": 90, "delivery": [6], "time_windows": [[359000, 479000]], "service": 10000}, {"id": 91, "location": [49.0, 42.0], "location_index": 91, "delivery": [13], "time_windows": [[719000, 839000]], "service": 10000}, {"id": 92, "location": [53.0, 43.0], "location_index": 92, "delivery": [14], "time_windows": [[14000, 134000]], "service": 10000}, {"id": 93, "location": [61.0, 52.0], "location_index": 93, "delivery": [3], "time_windows": [[808000, 928000]], "service": 10000}, {"id": 94, "location": [57.0, 48.0], "location_index": 94, "delivery": [23], "time_windows": [[392000, 512000]], "service": 10000}, {"id": 95, "location": [56.0, 37.0], "location_index": 95, "delivery": [6], "time_windows": [[100000, 220000]], "service": 10000}, {"id": 96, "location": [55.0, 54.0], "location_index": 96, "delivery": [26], "time_windows": [[562000, 682000]], "service": 10000}, {"id": 97, "location": [4.0, 18.0], "location_index": 97, "delivery": [35], "time_windows": [[547000, 667000]], "service": 10000}, {"id": 98, "location": [26.0, 52.0], "location_index": 98, "delivery": [9], "time_windows": [[172000, 292000]], "service": 10000}, {"id": 99, "location": [26.0, 35.0], "location_index": 99, "delivery": [15], "time_windows": [[308000, 428000]], "service": 10000}, {"id": 100, "location": [31.0, 67.0], "location_index": 100, "delivery": [3], "time_windows": [[810000, 930000]], "service": 10000}], "matrices": {"car": {"durations": [[0, 38079, 30806, 39357, 36056, 40311, 33302, 35355, 39051, 33541, 31623, 33526, 32388, 38079, 35355, 39294, 41231, 40311, 45177, 40050, 35057, 45000, 35000, 45044, 35057, 45277, 58523, 57009, 55714, 52202, 52000, 50289, 51078, 51478, 47434, 44204, 43012, 40608, 37202, 36056, 40311, 30806, 33541, 38079, 35341, 37736, 37202, 38328, 45044, 38053, 35341, 33541, 25000, 20000, 18028, 14142, 18028, 26926, 47170, 42426, 26926, 15811, 29155, 39051, 20616, 11180, 13038, 25298, 10000, 9220, 19647, 25495, 27459, 39294, 36056, 57009, 42942, 49980, 32558, 38471, 7616, 12042, 14765, 19235, 27019, 35468, 32202, 38210, 17889, 52479, 4243, 12042, 14765, 21095, 17117, 20616, 15524, 48166, 14142, 20518, 19235], [38079, 0, 10440, 3000, 7071, 5000, 12207, 14142, 11180, 52202, 47434, 48104, 43463, 53852, 44721, 50537, 51478, 47170, 82225, 76903, 72035, 81394, 71589, 81049, 71197, 80623, 89022, 86023, 86683, 82006, 83630, 80430, 82879, 84853, 78102, 42000, 40000, 40112, 37336, 35355, 35000, 34482, 30414, 30000, 30150, 5831, 8602, 46141, 81786, 74953, 68622, 71589, 55000, 35355, 39051, 25495, 55902, 60208, 75664, 66708, 26926, 28284, 64031, 76322, 58523, 46098, 50596, 58052, 29155, 33541, 18868, 50000, 42942, 33971, 65192, 82462, 80957, 82024, 33615, 25495, 43909, 36125, 42048, 55317, 64498, 72719, 61131, 62370, 27019, 90355, 39850, 49244, 50478, 48836, 48918, 57140, 43139, 70214, 33015, 50010, 18974], [30806, 10440, 0, 10000, 5385, 10198, 4000, 7000, 8602, 41761, 37000, 37696, 33106, 43463, 34482, 40311, 41340, 37202, 73376, 68007, 63246, 72277, 62642, 71805, 62097, 71197, 85755, 83241, 83217, 78892, 79881, 77175, 79057, 80430, 74626, 46098, 44147, 43566, 40311, 38328, 39294, 36000, 33377, 34482, 33734, 7280, 6403, 36056, 72801, 66098, 64031, 64140, 45100, 25080, 36249, 17000, 48826, 50636, 65376, 56294, 16553, 25080, 58728, 69814, 50537, 37336, 42485, 53413, 23431, 24698, 14318, 47424, 42202, 25000, 55036, 72035, 73573, 72007, 23601, 17464, 37537, 31906, 32388, 46487, 57801, 66219, 51010, 51971, 17117, 83217, 31765, 42638, 44553, 45277, 44204, 50990, 39115, 59775, 23345, 40200, 12042], [39357, 3000, 10000, 0, 5385, 2000, 10770, 12207, 8602, 51420, 46573, 47127, 42379, 52811, 43463, 49244, 50090, 45651, 82970, 77621, 72801, 82000, 72277, 81584, 71805, 81049, 91400, 88482, 89022, 84404, 85913, 82801, 85147, 87000, 80430, 45000, 43000, 43105, 40311, 38328, 38000, 37363, 33377, 33000, 33136, 3606, 6403, 44721, 82462, 75690, 70711, 72897, 55082, 35057, 41400, 26249, 57306, 60531, 75326, 66098, 25962, 30480, 65947, 77936, 59615, 46840, 51624, 60108, 30806, 34205, 20616, 52431, 45618, 32016, 65031, 81786, 82298, 82006, 32202, 23345, 45486, 38184, 42297, 56045, 66038, 74330, 61008, 61814, 27074, 91788, 40853, 50774, 52202, 51088, 50931, 58822, 45277, 69376, 33242, 50160, 20125], [36056, 7071, 5385, 5385, 0, 5000, 5385, 7071, 5000, 46098, 41231, 41761, 37000, 47434, 38079, 43863, 44721, 40311, 78746, 73376, 68622, 77621, 68007, 77130, 67446, 76485, 90139, 87464, 87658, 83217, 84404, 81541, 83600, 85147, 79057, 47265, 45277, 45044, 42000, 40000, 40311, 38328, 35000, 35355, 35057, 2000, 2000, 39357, 78160, 71470, 68768, 69462, 50249, 30000, 40311, 22361, 54083, 55902, 70178, 60828, 20616, 29155, 63640, 75000, 55902, 42720, 47854, 58138, 28284, 30083, 18601, 51478, 45541, 26907, 60000, 76485, 78892, 77058, 26833, 18439, 42638, 36401, 37656, 51865, 63008, 71400, 56009, 56569, 22361, 88510, 37121, 47802, 49578, 49649, 48918, 56080, 43600, 64031, 28636, 45398, 17029], [40311, 5000, 10198, 2000, 5000, 0, 10198, 11180, 7071, 50990, 46098, 46573, 41761, 52202, 42720, 48466, 49244, 44721, 83522, 78160, 73376, 82462, 72801, 82000, 72277, 81394, 93005, 90139, 90604, 86023, 87459, 84404, 86683, 88459, 82006, 47000, 45000, 45100, 42297, 40311, 40000, 39294, 35355, 35000, 35128, 3000, 5385, 43863, 82970, 76243, 72139, 73824, 55227, 35000, 43012, 26926, 58310, 60828, 75166, 65765, 25495, 32016, 67268, 79057, 60415, 47434, 52393, 61522, 32016, 34785, 21932, 54083, 47424, 30806, 65000, 81394, 83241, 82055, 31385, 22023, 46615, 39623, 42579, 56613, 67119, 75452, 61008, 61522, 27295, 92785, 41629, 51865, 53413, 52631, 52326, 60000, 46755, 68884, 33541, 50359, 21095], [33302, 12207, 4000, 10770, 5385, 10198, 0, 3000, 5831, 40792, 35903, 36401, 31623, 42059, 32696, 38484, 39357, 34986, 74673, 69289, 64622, 73376, 63906, 72801, 63246, 72035, 89185, 86770, 86608, 82365, 83217, 80623, 82377, 83600, 78032, 50010, 48052, 47518, 44283, 42297, 43174, 40000, 37336, 38328, 37656, 7280, 5000, 34000, 74000, 67417, 67201, 66287, 45541, 25080, 39925, 19209, 51225, 51420, 65069, 55579, 15297, 28792, 61717, 72346, 52479, 38910, 44418, 56613, 26627, 26420, 18028, 51078, 46098, 21932, 55036, 71197, 75717, 72173, 21471, 13892, 40311, 35355, 33242, 47927, 60308, 68768, 51088, 51352, 18028, 85446, 33838, 45277, 47424, 48765, 47434, 53740, 42544, 58694, 24352, 40792, 15264], [35355, 14142, 7000, 12207, 7071, 11180, 3000, 0, 5000, 40311, 35355, 35693, 30806, 41231, 31623, 37336, 38079, 33541, 75769, 70385, 65795, 74330, 65000, 73682, 64257, 72801, 91788, 89443, 89185, 85000, 85755, 83241, 84906, 86023, 80623, 52953, 50990, 50488, 47265, 45277, 46098, 43000, 40311, 41231, 40608, 8602, 5831, 32696, 75027, 68542, 69635, 68007, 46098, 25495, 42720, 21213, 53151, 52202, 65000, 55227, 15000, 31623, 64031, 74330, 54083, 40311, 46043, 59076, 29155, 28018, 20881, 53852, 49031, 19849, 55227, 70711, 77421, 72443, 20248, 11402, 42521, 38013, 34176, 49193, 62290, 70767, 51352, 51088, 19235, 87201, 35609, 47381, 49679, 51430, 49930, 55902, 45177, 58052, 25495, 41485, 17889], [39051, 11180, 8602, 8602, 5000, 7071, 5831, 5000, 0, 45277, 40311, 40608, 35693, 46098, 36401, 42059, 42720, 38079, 80411, 75027, 70385, 79057, 69642, 78447, 68949, 77621, 94340, 91788, 91810, 87464, 88482, 85755, 87658, 89022, 83217, 52240, 50249, 50040, 47000, 45000, 45277, 43290, 40000, 40311, 40050, 5385, 3000, 37336, 79712, 73164, 72622, 72111, 50990, 30414, 44721, 25000, 57009, 57009, 70000, 60208, 20000, 33541, 67268, 78102, 58310, 44721, 50249, 62008, 32016, 32249, 22825, 55902, 50289, 23854, 60208, 75664, 81541, 77414, 25000, 15000, 45967, 40497, 38897, 53712, 66068, 74518, 56321, 56080, 23770, 91263, 39661, 50990, 53038, 53852, 52802, 59414, 47707, 62968, 30083, 46325, 20616], [33541, 52202, 41761, 51420, 46098, 50990, 40792, 40311, 45277, 0, 5000, 5385, 10198, 5000, 11180, 9434, 11180, 14142, 45343, 40608, 37736, 42426, 36056, 41037, 34409, 39051, 85147, 85000, 82152, 80000, 78160, 78000, 77162, 75664, 75000, 75822, 74330, 72346, 68768, 67268, 70711, 62482, 63640, 67268, 65069, 48052, 45706, 12806, 43863, 39408, 62000, 47434, 15811, 18028, 51478, 32016, 40000, 22361, 25495, 15000, 25495, 46098, 55000, 57009, 35355, 25495, 31064, 54452, 39051, 27019, 42202, 58523, 60902, 26249, 18028, 30414, 55036, 34540, 21095, 33242, 38897, 45277, 18788, 27295, 47381, 54342, 15556, 11180, 26926, 64413, 29547, 39623, 43738, 53759, 48765, 46043, 48847, 18028, 23345, 16000, 38275], [31623, 47434, 37000, 46573, 41231, 46098, 35903, 35355, 40311, 5000, 0, 2000, 5385, 7071, 7071, 8000, 10000, 11180, 48795, 43863, 40608, 46098, 39051, 44822, 37537, 43012, 85586, 85147, 82608, 80156, 78638, 78160, 77647, 76485, 75166, 72622, 71063, 69203, 65605, 64031, 67268, 59405, 60208, 63640, 61555, 43174, 40792, 9434, 47424, 42521, 62201, 49244, 18028, 14142, 49244, 28284, 40311, 25000, 30414, 20000, 20616, 43012, 55227, 58523, 36401, 25000, 31145, 54037, 36056, 24187, 38288, 57009, 58600, 21541, 22361, 35355, 57306, 39217, 16125, 28284, 37656, 42953, 17263, 28460, 48270, 55660, 19416, 16125, 22804, 66888, 27893, 39051, 43105, 52393, 47676, 46098, 47127, 22804, 20000, 16763, 34205], [33526, 48104, 37696, 47127, 41761, 46573, 36401, 35693, 40608, 5385, 2000, 0, 5000, 5831, 5831, 6000, 8000, 9434, 50210, 45343, 42202, 47424, 40608, 46098, 39051, 44204, 87573, 87144, 84593, 82152, 80623, 80156, 79630, 78447, 77162, 74202, 72622, 70803, 67201, 65605, 68768, 61033, 61717, 65069, 63032, 43681, 41231, 7810, 48795, 44045, 64195, 51078, 19723, 15620, 51078, 29732, 42297, 26627, 30806, 20100, 21190, 44654, 57219, 60407, 38328, 27000, 33136, 56036, 37736, 25942, 39623, 58941, 60415, 20881, 23324, 35128, 59059, 39925, 16000, 28071, 39623, 44777, 19235, 30364, 50220, 57567, 20616, 16492, 24083, 68600, 29833, 41049, 45100, 54342, 49649, 48094, 49041, 22361, 21633, 18682, 35468], [32388, 43463, 33106, 42379, 37000, 41761, 31623, 30806, 35693, 10198, 5385, 5000, 0, 10440, 3000, 7810, 9434, 8000, 53814, 48795, 45343, 51225, 43863, 50000, 42426, 48260, 88284, 87573, 85329, 82608, 81394, 80623, 80411, 79555, 77647, 71281, 69635, 67956, 64351, 62682, 65605, 58310, 58600, 61717, 59816, 38897, 36401, 6000, 52498, 47381, 64777, 53235, 22672, 13000, 49336, 26627, 43174, 29732, 35693, 25080, 16553, 42059, 57871, 62241, 39925, 27459, 33956, 56080, 35341, 24042, 36125, 57871, 58523, 16155, 27731, 40112, 61587, 44598, 11000, 23087, 39051, 43012, 19105, 32202, 51546, 59237, 24698, 21378, 20616, 71281, 29069, 41110, 45044, 53460, 49092, 48662, 47854, 27295, 19313, 20591, 31828], [38079, 53852, 43463, 52811, 47434, 52202, 42059, 41231, 46098, 5000, 7071, 5831, 10440, 0, 10000, 5831, 7071, 11180, 49204, 44654, 42059, 46098, 40311, 44598, 38588, 42426, 90139, 90000, 87144, 85000, 83150, 83000, 82152, 80623, 80000, 79649, 78102, 76217, 72622, 71063, 74330, 66400, 67268, 70711, 68622, 49336, 46840, 10440, 47634, 43566, 67000, 52202, 20616, 21213, 55902, 35355, 45000, 26926, 26926, 15811, 26926, 50000, 60000, 61847, 40311, 30414, 36056, 59414, 43012, 31064, 45343, 63246, 65299, 25179, 21213, 30000, 59615, 36715, 21213, 33015, 43681, 49649, 23409, 32249, 52345, 59228, 19416, 13038, 29833, 68877, 34176, 44553, 48662, 58523, 53600, 51039, 53488, 17029, 27019, 21000, 41231], [35355, 44721, 34482, 43463, 38079, 42720, 32696, 31623, 36401, 11180, 7071, 5831, 3000, 10000, 0, 5831, 7071, 5000, 55866, 50931, 47634, 53151, 46098, 51856, 44598, 50000, 91241, 90554, 88284, 85586, 84345, 83600, 83361, 82462, 80623, 73783, 72111, 70491, 66888, 65192, 68007, 60902, 61033, 64031, 62201, 39925, 37336, 3000, 54489, 49578, 67742, 55902, 25000, 15811, 52202, 29155, 46098, 32016, 36401, 25495, 18028, 44721, 60828, 65000, 42720, 30414, 36878, 59076, 38079, 26926, 38419, 60828, 61351, 15297, 29155, 40000, 64140, 45695, 11402, 23022, 42048, 45880, 22091, 34928, 54406, 62032, 26401, 22136, 23022, 73783, 32062, 44102, 48042, 56436, 52086, 51624, 50804, 27019, 22136, 23259, 34059], [39294, 50537, 40311, 49244, 43863, 48466, 38484, 37336, 42059, 9434, 8000, 6000, 7810, 5831, 5831, 0, 2000, 5385, 54672, 50000, 47170, 51662, 45486, 50210, 43829, 48104, 93536, 93134, 90554, 88142, 86579, 86145, 85586, 84345, 83150, 79057, 77421, 75717, 72111, 70456, 73410, 66038, 66400, 69527, 67624, 45695, 43081, 5000, 53151, 48826, 70178, 56648, 25080, 20591, 56648, 34409, 48260, 31765, 32696, 21541, 23854, 49739, 63198, 66098, 44147, 33000, 39115, 62032, 42942, 31385, 43932, 64761, 65924, 20000, 26907, 35128, 64405, 42544, 17088, 28284, 45541, 50329, 25179, 36139, 56089, 63325, 24839, 18868, 28425, 73824, 35693, 47043, 51088, 60208, 55579, 54083, 54818, 22091, 26833, 24515, 39623], [41231, 51478, 41340, 50090, 44721, 49244, 39357, 38079, 42720, 11180, 10000, 8000, 9434, 7071, 7071, 2000, 0, 5000, 56223, 51614, 48877, 53151, 47170, 51662, 45486, 49497, 95525, 95131, 92542, 90139, 88566, 88142, 87573, 86313, 85147, 80709, 79057, 77389, 73783, 72111, 75000, 67742, 68007, 71063, 69203, 46519, 43863, 5385, 54672, 50478, 72173, 58523, 26926, 22361, 58523, 36056, 50249, 33541, 33541, 22361, 25000, 51478, 65192, 68007, 46098, 35000, 41110, 64031, 44721, 33242, 45453, 66708, 67779, 20100, 28284, 35355, 66212, 43566, 17889, 28636, 47518, 52202, 27166, 38079, 58052, 65253, 26401, 20000, 30000, 75591, 37656, 49041, 53085, 62169, 57559, 56080, 56754, 22361, 28636, 26476, 41110], [40311, 47170, 37202, 45651, 40311, 44721, 34986, 33541, 38079, 14142, 11180, 9434, 8000, 11180, 5000, 5385, 5000, 0, 59464, 54672, 51614, 56569, 50000, 55172, 48415, 53151, 96177, 95525, 93215, 90554, 89269, 88566, 88284, 87321, 85586, 78032, 76322, 74793, 71197, 69462, 72111, 65299, 65192, 68007, 66287, 42059, 39357, 2000, 58000, 53413, 72691, 60415, 29155, 20616, 57009, 33541, 50990, 36056, 38079, 26926, 21213, 49244, 65765, 69642, 47434, 35355, 41773, 64070, 42720, 31780, 42438, 65765, 66098, 15133, 32016, 40311, 68476, 47885, 13601, 23770, 47043, 50695, 27074, 39560, 59203, 66731, 29698, 24187, 27295, 78032, 37054, 49092, 53038, 61400, 57079, 56569, 55731, 27295, 26926, 27857, 38013], [45177, 82225, 73376, 82970, 78746, 83522, 74673, 75769, 80411, 45343, 48795, 50210, 53814, 49204, 55866, 54672, 56223, 59464, 0, 5385, 10198, 4000, 10770, 6000, 11662, 9000, 56798, 59169, 54120, 54918, 50606, 53254, 49739, 45618, 50804, 83241, 82710, 79812, 77130, 76688, 81584, 71386, 75802, 80753, 77782, 80654, 79379, 58000, 2000, 7280, 41037, 18601, 31401, 51000, 56089, 56754, 30594, 24413, 29428, 37162, 62177, 60008, 36620, 25807, 25020, 36139, 32140, 42059, 55145, 48765, 64630, 54231, 62936, 69203, 28302, 39000, 17464, 21095, 62426, 73573, 42107, 53235, 41629, 26926, 27295, 26173, 29833, 37216, 56648, 23000, 42579, 37336, 39051, 49980, 44922, 34176, 50220, 42059, 50329, 34986, 63348], [40050, 76903, 68007, 77621, 73376, 78160, 69289, 70385, 75027, 40608, 43863, 45343, 48795, 44654, 50931, 50000, 51614, 54672, 5385, 0, 5000, 5385, 5385, 6403, 6403, 8602, 56648, 58600, 53852, 54120, 50160, 52355, 49244, 45541, 49739, 79057, 78447, 75584, 72801, 72277, 77130, 66940, 71197, 76118, 73164, 75286, 74000, 53151, 5000, 2000, 39051, 16401, 26249, 45651, 51662, 51420, 26249, 19209, 27000, 33526, 56824, 55082, 33971, 25080, 20224, 30806, 27019, 38833, 50040, 43417, 59414, 50537, 58873, 64031, 24166, 37336, 18111, 20248, 57201, 68264, 37336, 48508, 36249, 21587, 24207, 24698, 25239, 33106, 51264, 25495, 37336, 32757, 34785, 46098, 40853, 30414, 45880, 38833, 44944, 29682, 58052], [35057, 72035, 63246, 72801, 68622, 73376, 64622, 65795, 70385, 37736, 40608, 42202, 45343, 42059, 47634, 47170, 48877, 51614, 10198, 5000, 0, 10198, 2000, 10770, 4000, 12207, 55082, 56648, 52202, 52000, 48384, 50160, 47434, 44147, 47424, 74330, 73682, 70838, 68007, 67446, 72277, 62097, 66287, 71197, 68250, 70520, 69289, 50000, 10000, 3000, 36056, 13928, 22672, 41340, 46840, 46573, 21541, 15620, 27459, 32388, 52479, 50090, 30480, 23537, 15297, 25962, 22023, 34828, 45044, 38601, 54452, 46141, 54231, 60208, 22561, 38328, 18248, 22472, 53263, 64070, 32388, 43566, 31765, 16763, 20518, 22472, 22847, 31321, 46615, 26926, 32388, 27893, 30083, 41593, 36249, 26077, 41110, 38118, 40311, 25612, 53151], [45000, 81394, 72277, 82000, 77621, 82462, 73376, 74330, 79057, 42426, 46098, 47424, 51225, 46098, 53151, 51662, 53151, 56569, 4000, 5385, 10198, 0, 10000, 2000, 10198, 5000, 60415, 62650, 57697, 58310, 54120, 56604, 53235, 49244, 54083, 84433, 83815, 80957, 78160, 77621, 82462, 72277, 76485, 81394, 78447, 79555, 78160, 55172, 2000, 7280, 43863, 21213, 29155, 49244, 57009, 55902, 31623, 22361, 25495, 33541, 60415, 60208, 39051, 29155, 25495, 35355, 32016, 44102, 55000, 47854, 64195, 55902, 64257, 66851, 25000, 35000, 21190, 17117, 60208, 71589, 42579, 53759, 40162, 26173, 29411, 29206, 26870, 33838, 55362, 27000, 42107, 38079, 40162, 51478, 46239, 35777, 51245, 38275, 49041, 33106, 62650], [35000, 71589, 62642, 72277, 68007, 72801, 63906, 65000, 69642, 36056, 39051, 40608, 43863, 40311, 46098, 45486, 47170, 50000, 10770, 5385, 2000, 10000, 0, 10198, 2000, 11180, 57009, 58523, 54120, 53852, 50289, 52000, 49336, 46098, 49244, 75027, 74330, 71512, 68622, 68007, 72801, 62642, 66708, 71589, 68659, 69921, 68622, 48415, 10198, 3606, 37736, 15811, 21213, 40311, 47434, 46098, 22361, 14142, 25495, 30414, 51478, 50249, 32016, 25495, 15811, 25495, 22023, 36125, 45000, 38079, 54231, 47170, 55036, 58898, 20616, 36401, 20224, 20809, 52010, 62968, 32757, 43932, 30871, 16279, 22023, 24352, 21024, 29411, 45880, 28792, 32140, 28460, 30871, 42544, 37121, 27203, 41785, 36125, 39560, 24413, 52773], [45044, 81049, 71805, 81584, 77130, 82000, 72801, 73682, 78447, 41037, 44822, 46098, 50000, 44598, 51856, 50210, 51662, 55172, 6000, 6403, 10770, 2000, 10198, 0, 10000, 3000, 62241, 64413, 59506, 60033, 55902, 58310, 55009, 51078, 55758, 85094, 84433, 81597, 78746, 78160, 82970, 72801, 76903, 81786, 78854, 79076, 77621, 53814, 4000, 8062, 45343, 22672, 28178, 48466, 57567, 55579, 32311, 21541, 23537, 31765, 59615, 60407, 40361, 30887, 25962, 35128, 32140, 45222, 55036, 47518, 64070, 56824, 65000, 65734, 23431, 33000, 23087, 15133, 59169, 70661, 42953, 54129, 39560, 26019, 30610, 30806, 25495, 32202, 54818, 29000, 42012, 38601, 40853, 52326, 47011, 36715, 51865, 36401, 48508, 32311, 62394], [35057, 71197, 62097, 71805, 67446, 72277, 63246, 64257, 68949, 34409, 37537, 39051, 42426, 38588, 44598, 43829, 45486, 48415, 11662, 6403, 4000, 10198, 2000, 10000, 0, 10440, 58941, 60407, 56045, 55714, 52202, 53852, 51245, 48052, 51078, 75769, 75027, 72236, 69289, 68622, 73376, 63246, 67186, 72035, 69123, 69376, 68007, 46861, 10770, 5000, 39446, 17720, 19849, 39357, 48104, 45706, 23324, 12806, 23537, 28443, 50537, 50488, 33601, 27459, 16553, 25179, 22204, 37483, 45044, 37656, 54083, 48260, 55902, 57628, 18682, 34482, 22204, 19209, 50804, 61911, 33242, 44385, 30083, 16031, 23601, 26249, 19235, 27514, 45222, 30676, 32016, 29155, 31765, 43566, 38079, 28425, 42544, 34132, 38897, 23324, 52469], [45277, 80623, 71197, 81049, 76485, 81394, 72035, 72801, 77621, 39051, 43012, 44204, 48260, 42426, 50000, 48104, 49497, 53151, 9000, 8602, 12207, 5000, 11180, 3000, 10440, 0, 65000, 67082, 62241, 62650, 58600, 60902, 57697, 53852, 58310, 86163, 85440, 82638, 79712, 79057, 83815, 73682, 77621, 82462, 79555, 78447, 76903, 51856, 7000, 9899, 47634, 25000, 26926, 47434, 58523, 55227, 33541, 20616, 20616, 29155, 58523, 60828, 42426, 33541, 26926, 35000, 32558, 47011, 55227, 47170, 64000, 58310, 66212, 64140, 21213, 30000, 25962, 12166, 57706, 69354, 43681, 54818, 38833, 26077, 32558, 33287, 23601, 29833, 54129, 32000, 42048, 39560, 42048, 53712, 48301, 38275, 52924, 33615, 47854, 31321, 62129], [58523, 89022, 85755, 91400, 90139, 93005, 89185, 91788, 94340, 85147, 85586, 87573, 88284, 90139, 91241, 93536, 95525, 96177, 56798, 56648, 55082, 60415, 57009, 62241, 58941, 65000, 0, 5000, 3000, 7071, 7000, 8602, 8000, 11180, 11180, 61717, 62650, 60033, 59908, 61033, 65192, 58258, 64031, 68007, 65605, 91263, 91810, 94202, 58600, 55973, 23537, 41231, 70000, 77621, 50000, 71589, 45277, 65192, 82462, 85586, 85440, 61033, 30414, 31623, 50000, 60828, 54452, 33242, 62650, 67676, 71561, 39051, 47424, 97719, 75664, 93408, 39357, 76896, 90802, 96773, 50922, 53852, 69231, 58009, 38013, 32757, 74243, 83217, 76322, 37537, 60440, 47539, 43966, 40497, 42048, 39623, 46648, 91788, 72422, 69181, 73926], [57009, 86023, 83241, 88482, 87464, 90139, 86770, 89443, 91788, 85000, 85147, 87144, 87573, 90000, 90554, 93134, 95131, 95525, 59169, 58600, 56648, 62650, 58523, 64413, 60407, 67082, 5000, 0, 5831, 5000, 8602, 7000, 9434, 14142, 10000, 57306, 58310, 55758, 55803, 57009, 61033, 54489, 60208, 64031, 61717, 88510, 89185, 93536, 60902, 57775, 23000, 42720, 70178, 76485, 47170, 69642, 45000, 65765, 83815, 86313, 83815, 58310, 30000, 33541, 50249, 60208, 54037, 31780, 60415, 66219, 68964, 36056, 43863, 96302, 76485, 94868, 41881, 78791, 89499, 94921, 49477, 51430, 68469, 58138, 38471, 34176, 74813, 83726, 74632, 41037, 59228, 46530, 42755, 38013, 40162, 39051, 44283, 92574, 71063, 69000, 71554], [55714, 86683, 83217, 89022, 87658, 90604, 86608, 89185, 91810, 82152, 82608, 84593, 85329, 87144, 88284, 90554, 92542, 93215, 54120, 53852, 52202, 57697, 54120, 59506, 56045, 62241, 3000, 5831, 0, 5385, 4000, 6403, 5000, 8602, 8602, 60415, 61270, 58592, 58310, 59363, 63632, 56400, 62201, 66287, 63820, 88814, 89308, 91241, 55902, 53141, 20616, 38328, 67000, 74726, 47634, 68877, 42297, 62201, 79555, 82608, 82638, 58600, 27459, 28792, 47000, 57871, 51478, 30463, 60033, 64846, 69065, 36797, 45453, 94868, 72691, 90521, 36715, 74095, 87932, 94021, 48104, 51313, 66287, 55009, 35014, 29833, 71253, 80225, 73539, 35355, 57567, 44643, 41110, 38013, 39357, 36674, 44102, 88814, 69570, 66189, 71344], [52202, 82006, 78892, 84404, 83217, 86023, 82365, 85000, 87464, 80000, 80156, 82152, 82608, 85000, 85586, 88142, 90139, 90554, 54918, 54120, 52000, 58310, 53852, 60033, 55714, 62650, 7071, 5000, 5385, 0, 5385, 2000, 5831, 11180, 5000, 55036, 55902, 53235, 53000, 54083, 58310, 51225, 57009, 61033, 58600, 84315, 84906, 88566, 56604, 53226, 18000, 38079, 65192, 71589, 43012, 65000, 40000, 60828, 79057, 81394, 79057, 54083, 25000, 29155, 45277, 55227, 49041, 26926, 55902, 61400, 64661, 32016, 40361, 91482, 71589, 90139, 37802, 74250, 84646, 90250, 44643, 47011, 63506, 53151, 33541, 29547, 69871, 78772, 69893, 37802, 54342, 41593, 37855, 33615, 35468, 34059, 39825, 87664, 66219, 64000, 67119], [52000, 83630, 79881, 85913, 84404, 87459, 83217, 85755, 88482, 78160, 78638, 80623, 81394, 83150, 84345, 86579, 88566, 89269, 50606, 50160, 48384, 54120, 50289, 55902, 52202, 58600, 7000, 8602, 4000, 5385, 0, 5000, 1000, 5831, 5831, 58873, 59615, 56859, 56356, 57306, 61717, 54083, 59908, 64140, 61587, 85604, 86023, 87298, 52355, 49396, 16763, 34482, 63000, 70880, 44598, 65299, 38328, 58215, 75690, 78638, 78924, 55444, 23537, 25080, 43000, 53935, 47518, 26833, 56604, 61098, 65803, 33971, 43012, 91082, 68731, 86683, 33287, 70385, 84119, 90377, 44385, 48010, 62370, 51010, 31016, 25962, 67268, 76236, 69857, 32650, 53759, 40804, 37336, 34828, 35847, 32757, 40804, 84853, 65788, 62201, 67956], [50289, 80430, 77175, 82801, 81541, 84404, 80623, 83241, 85755, 78000, 78160, 80156, 80623, 83000, 83600, 86145, 88142, 88566, 53254, 52355, 50160, 56604, 52000, 58310, 53852, 60902, 8602, 7000, 6403, 2000, 5000, 0, 5099, 10440, 3000, 54231, 55036, 52326, 51971, 53000, 57306, 50000, 55803, 59908, 57428, 82662, 83217, 86579, 54918, 51430, 16000, 36249, 63198, 69635, 41400, 63159, 38000, 58856, 77162, 79429, 77162, 52431, 23000, 27459, 43290, 53235, 47043, 25000, 54120, 59481, 62968, 30480, 39051, 89560, 69635, 88255, 36235, 72450, 82710, 88391, 42720, 45277, 61522, 51157, 31575, 27731, 67897, 76792, 68007, 36620, 52393, 39623, 35903, 31906, 33615, 32062, 38079, 85703, 64288, 62000, 65368], [51078, 82879, 79057, 85147, 83600, 86683, 82377, 84906, 87658, 77162, 77647, 79630, 80411, 82152, 83361, 85586, 87573, 88284, 49739, 49244, 47434, 53235, 49336, 55009, 51245, 57697, 8000, 9434, 5000, 5831, 1000, 5099, 0, 5385, 5385, 58523, 59237, 56462, 55902, 56824, 61270, 53535, 59363, 63632, 61057, 84812, 85212, 86313, 51478, 48466, 15811, 33526, 62000, 69921, 43863, 64413, 37336, 57219, 74726, 77647, 78000, 54672, 22561, 24166, 42000, 52953, 46530, 25942, 55758, 60166, 65000, 33302, 42438, 90139, 67742, 85726, 32450, 69462, 83169, 89471, 43463, 47202, 61392, 50010, 30017, 25000, 66272, 75240, 68942, 32016, 52811, 39850, 36401, 34059, 34986, 31780, 40000, 83863, 64846, 61205, 67119], [51478, 84853, 80430, 87000, 85147, 88459, 83600, 86023, 89022, 75664, 76485, 78447, 79555, 80623, 82462, 84345, 86313, 87321, 45618, 45541, 44147, 49244, 46098, 51078, 48052, 53852, 11180, 14142, 8602, 111